1755173694822 0.0 5
1755173695001 0.0 5
1755173695103 1.0 8
1755173695206 1.0 11
1755173695344 1.0 11
1755173695502 2.0 17
1755173695532 2.0 17
1755173695690 2.0 17
1755173695858 3.0 23
1755173696047 3.0 23
1755173696131 4.0 26
1755173696221 4.0 29
1755173696391 4.0 29
1755173696545 5.0 35
1755173696565 5.0 35
1755173696704 5.0 35
1755173696852 6.0 41
1755173696985 6.0 41
1755173697066 7.0 44
1755173697179 7.0 47
1755173697335 7.0 47
1755173697479 8.0 53
1755173697504 8.0 53
1755173697661 8.0 53
1755173697819 9.0 59
1755173697984 9.0 59
1755173698067 10.0 62
1755173698155 10.0 65
1755173698317 10.0 65
1755173698470 11.0 71
1755173698485 11.0 71
1755173698643 11.0 71
1755173698811 12.0 77
1755173698953 12.0 77
1755173699025 13.0 80
1755173699117 13.0 83
1755173699274 13.0 83
1755173699416 14.0 89
1755173699442 14.0 89
1755173699600 14.0 89
1755173699778 15.0 95
1755173699907 15.0 95
1755173699988 16.0 98
1755173700100 16.0 101
1755173700261 16.0 101
1755173700413 17.0 107
1755173700441 17.0 107
1755173700601 17.0 107
1755173700758 18.0 113
1755173700913 18.0 113
1755173700984 19.0 116
1755173701133 19.0 119
1755173701316 19.0 119
1755173701478 20.0 125
1755173701504 20.0 125
1755173701622 20.0 125
1755173701791 21.0 131
1755173701940 21.0 131
1755173702018 22.0 134
1755173702116 22.0 137
1755173702208 22.0 137
1755173702367 23.0 143
1755173702392 23.0 143
1755173705195 23.0 143
1755173705626 24.0 149
1755173705780 24.0 149
1755173705862 25.0 152
1755173705961 25.0 155
1755173706063 25.0 155
1755173706206 26.0 161
1755173706242 26.0 161
1755173706404 26.0 161
1755173706563 27.0 167
1755173706746 27.0 167
1755173706834 28.0 170
1755173706916 28.0 173
1755173707024 28.0 173
1755173707176 29.0 179
1755173707202 29.0 179
1755173707305 29.0 179
1755173707471 30.0 185
1755173707632 30.0 185
1755173707724 31.0 188
1755173707826 31.0 191
1755173707917 31.0 191
1755173708086 32.0 197
1755173708112 32.0 197
1755173708270 32.0 197
1755173708449 33.0 203
1755173708637 33.0 203
1755173708719 34.0 206
1755173708825 34.0 209
1755173708928 34.0 209
1755173709087 35.0 215
1755173709119 35.0 215
1755173709313 35.0 215
1755173709481 36.0 221
1755173709607 36.0 221
1755173709711 37.0 224
1755173709808 37.0 227
1755173709987 37.0 227
1755173710237 38.0 233
1755173710264 38.0 233
1755173710371 38.0 233
1755173710627 39.0 239
1755173710729 39.0 239
1755173710819 40.0 242
1755173710931 40.0 245
1755173711059 40.0 245
1755173711221 41.0 251
1755173711237 41.0 251
1755173711349 41.0 251
1755173711525 42.0 257
1755173711632 42.0 257
1755173711760 43.0 260
1755173711873 43.0 263
1755173712065 43.0 263
1755173712222 44.0 269
1755173712248 44.0 269
1755173712340 44.0 269
1755173712525 45.0 275
1755173712692 45.0 275
1755173712783 46.0 278
1755173712886 46.0 281
1755173712993 46.0 281
1755173713167 47.0 287
1755173713192 47.0 287
1755173713458 47.0 287
1755173713633 48.0 293
1755173713745 48.0 293
1755173713837 49.0 296
1755173713969 49.0 299
1755173714117 49.0 299
1755173714419 50.0 305
1755173714456 50.0 305
1755173714596 50.0 305
1755173714885 51.0 311
1755173715021 51.0 311
1755173715181 52.0 314
1755173715358 52.0 317
1755173715572 52.0 317
1755173715859 53.0 323
1755173715900 53.0 323
1755173716032 53.0 323
1755173716327 54.0 329
1755173716459 54.0 329
1755173716618 55.0 332
1755173716802 55.0 335
1755173716918 55.0 335
1755173717197 56.0 341
1755173717233 56.0 341
1755173717362 56.0 341
1755173717672 57.0 347
1755173717784 57.0 347
1755173717938 58.0 350
1755173718099 58.0 353
1755173718208 58.0 353
1755173718478 59.0 359
1755173718514 59.0 359
1755173718750 59.0 359
1755173719029 60.0 365
1755173719145 60.0 365
1755173719233 61.0 368
1755173719372 61.0 371
1755173719507 61.0 371
1755173719717 62.0 377
1755173719737 62.0 377
1755173719864 62.0 377
1755173720079 63.0 383
1755173720196 63.0 383
1755173720303 64.0 386
1755173720406 64.0 389
1755173720532 64.0 389
1755173720743 65.0 395
1755173720768 65.0 395
1755173720891 65.0 395
1755173721203 66.0 401
1755173721335 66.0 401
1755173721473 67.0 404
1755173721672 67.0 407
1755173721784 67.0 407
1755173722082 68.0 413
1755173722118 68.0 413
1755173722230 68.0 413
1755173722536 69.0 419
1755173722762 69.0 419
1755173722900 70.0 422
1755173723065 70.0 425
1755173723271 70.0 425
1755173723545 71.0 431
1755173723581 71.0 431
1755173723699 71.0 431
1755173723983 72.0 437
1755173724226 72.0 437
1755173724320 73.0 440
1755173724440 73.0 443
1755173724566 73.0 443
1755173724745 74.0 449
1755173724771 74.0 449
1755173724889 74.0 449
1755173725099 75.0 455
1755173725215 75.0 455
1755173725337 76.0 458
1755173725459 76.0 461
1755173725581 76.0 461
1755173725779 77.0 467
1755173725809 77.0 467
1755173725926 77.0 467
1755173726154 78.0 473
1755173726271 78.0 473
1755173726369 79.0 476
1755173726486 79.0 479
1755173726738 79.0 479
1755173727012 80.0 485
1755173727060 80.0 485
1755173727261 80.0 485
1755173727577 81.0 491
1755173728132 81.0 491
1755173728269 82.0 494
1755173728417 82.0 497
1755173728530 82.0 497
1755173728704 83.0 503
1755173728724 83.0 503
1755173728853 83.0 503
1755173729065 84.0 509
1755173729179 84.0 509
1755173729301 85.0 512
1755173729408 85.0 515
1755173729534 85.0 515
1755173729729 86.0 521
1755173729760 86.0 521
1755173729882 86.0 521
1755173730066 87.0 527
1755173730274 87.0 527
1755173730437 88.0 530
1755173730605 88.0 533
1755173730713 88.0 533
1755173730993 89.0 539
1755173731127 89.0 539
1755173731255 89.0 539
1755173731537 90.0 545
1755173732448 90.0 545
1755173732597 91.0 548
1755173732747 91.0 551
1755173732850 91.0 551
1755173733024 92.0 557
1755173733040 92.0 557
1755173733152 92.0 557
1755173733348 93.0 563
1755173733466 93.0 563
1755173733558 94.0 566
1755173733661 94.0 569
1755173733783 94.0 569
1755173733971 95.0 575
1755173734002 95.0 575
1755173734123 95.0 575
1755173734332 96.0 581
1755173734548 96.0 581
1755173734678 97.0 584
1755173734836 97.0 587
1755173734969 97.0 587
1755173735240 98.0 593
1755173735266 98.0 593
1755173735374 98.0 593
1755173735670 99.0 599
1755173735788 99.0 599
1755173735916 100.0 602
1755173736071 100.0 605
1755173736183 100.0 605
1755173736458 101.0 611
1755173736476 101.0 611
1755173736712 101.0 611
1755173736984 102.0 617
1755173737082 102.0 617
1755173737179 103.0 620
1755173737281 103.0 623
1755173737388 103.0 623
1755173737552 104.0 629
1755173737577 104.0 629
1755173737680 104.0 629
1755173737871 105.0 635
1755173737973 105.0 635
1755173738060 106.0 638
1755173738178 106.0 641
1755173738280 106.0 641
1755173738453 107.0 647
1755173738951 107.0 647
1755173739051 107.0 647
1755173739342 108.0 653
1755173739444 108.0 653
1755173739581 109.0 656
1755173739736 109.0 659
1755173739849 109.0 659
1755173740005 110.0 665
1755173740035 110.0 665
1755173740143 110.0 665
1755173740323 111.0 671
1755173740421 111.0 671
1755173740507 112.0 674
1755173740625 112.0 677
1755173740738 112.0 677
1755173740906 113.0 683
1755173740926 113.0 683
1755173741039 113.0 683
1755173741230 114.0 689
1755173741343 114.0 689
1755173741432 115.0 692
1755173741540 115.0 695
1755173741652 115.0 695
1755173741862 116.0 701
1755173741888 116.0 701
1755173742009 116.0 701
1755173742297 117.0 707
1755173742518 117.0 707
1755173742646 118.0 710
1755173742796 118.0 713
1755173742899 118.0 713
1755173743071 119.0 719
1755173743107 119.0 719
1755173743219 119.0 719
1755173743403 120.0 725
1755173743507 120.0 725
1755173743604 121.0 728
1755173743713 121.0 731
1755173743819 121.0 731
1755173743988 122.0 737
1755173744018 122.0 737
1755173744224 122.0 737
1755173744416 123.0 743
1755173744519 123.0 743
1755173744641 124.0 746
1755173744794 124.0 749
1755173744896 124.0 749
1755173745083 125.0 755
1755173745116 125.0 755
1755173745228 125.0 755
1755173745401 126.0 761
1755173745513 126.0 761
1755173745605 127.0 764
1755173745708 127.0 767
1755173745809 127.0 767
1755173745994 128.0 773
1755173746014 128.0 773
1755173746131 128.0 773
1755173746327 129.0 779
1755173746439 129.0 779
1755173746541 130.0 782
1755173746637 130.0 785
1755173746754 130.0 785
1755173746934 131.0 791
1755173746964 131.0 791
1755173747071 131.0 791
1755173747271 132.0 797
1755173747394 132.0 797
1755173747486 133.0 800
1755173747593 133.0 803
1755173747757 133.0 803
1755173748028 134.0 809
1755173748071 134.0 809
1755173748265 134.0 809
1755173748576 135.0 815
1755173748776 135.0 815
1755173748981 136.0 818
1755173749083 136.0 821
1755173749277 136.0 821
1755173749460 137.0 827
1755173749486 137.0 827
1755173750328 137.0 827
1755173750600 138.0 833
1755173750703 138.0 833
1755173750822 139.0 836
1755173750938 139.0 839
1755173751147 139.0 839
1755173751319 140.0 845
1755173751349 140.0 845
1755173751462 140.0 845
1755173751642 141.0 851
1755173751734 141.0 851
1755173751831 142.0 854
1755173751943 142.0 857
1755173752052 142.0 857
1755173752307 143.0 863
1755173752343 143.0 863
1755173752436 143.0 863
1755173752723 144.0 869
1755173752826 144.0 869
1755173752919 145.0 872
1755173753036 145.0 875
1755173753153 145.0 875
1755173753437 146.0 881
1755173753468 146.0 881
1755173753652 146.0 881
1755173753861 147.0 887
1755173753979 147.0 887
1755173754066 148.0 890
1755173754184 148.0 893
1755173754357 148.0 893
1755173754543 149.0 899
1755173754563 149.0 899
1755173754861 149.0 899
1755173755102 150.0 905
1755173755219 150.0 905
1755173755366 151.0 908
1755173755520 151.0 911
1755173755743 151.0 911
1755173756034 152.0 917
1755173756171 152.0 917
1755173756283 152.0 917
1755173756578 153.0 923
1755173756681 153.0 923
1755173756767 154.0 926
1755173756884 154.0 929
1755173756991 154.0 929
1755173757155 155.0 935
1755173757187 155.0 935
1755173757300 155.0 935
1755173757483 156.0 941
1755173757589 156.0 941
1755173757702 157.0 944
1755173757820 157.0 947
1755173758038 157.0 947
1755173758249 158.0 953
1755173758270 158.0 953
1755173758382 158.0 953
1755173758629 159.0 959
1755173758727 159.0 959
1755173758810 160.0 962
1755173758917 160.0 965
1755173759024 160.0 965
1755173759197 161.0 971
1755173759223 161.0 971
1755173759324 161.0 971
1755173759509 162.0 977
1755173759622 162.0 977
1755173759704 163.0 980
1755173759828 163.0 983
1755173760012 163.0 983
1755173760180 164.0 989
1755173760212 164.0 989
1755173760407 164.0 989
1755173760602 165.0 995
1755173760734 165.0 995
1755173760850 166.0 998
1755173760958 166.0 1001
1755173761086 166.0 1001
1755173761770 167.0 1007
1755173761796 167.0 1007
1755173761914 167.0 1007
1755173762200 168.0 1013
1755173762385 168.0 1013
1755173762529 169.0 1016
1755173762698 169.0 1019
1755173762910 169.0 1019
1755173763191 170.0 1025
1755173763224 170.0 1025
1755173763480 170.0 1025
1755173763780 171.0 1031
1755173763953 171.0 1031
1755173764045 172.0 1034
1755173764173 172.0 1037
1755173764388 172.0 1037
1755173764564 173.0 1043
1755173764584 173.0 1043
1755173764762 173.0 1043
1755173764961 174.0 1049
1755173765272 174.0 1049
1755173765365 175.0 1052
1755173765481 175.0 1055
1755173765687 175.0 1055
1755173765952 176.0 1061
1755173765993 176.0 1061
1755173766187 176.0 1061
1755173766503 177.0 1067
1755173766717 177.0 1067
1755173766851 178.0 1070
1755173767008 178.0 1073
1755173767176 178.0 1073
1755173767463 179.0 1079
1755173767508 179.0 1079
1755173767698 179.0 1079
1755173768003 180.0 1085
1755173768203 180.0 1085
1755173768341 181.0 1088
1755173768498 181.0 1091
1755173768727 181.0 1091
1755173768982 182.0 1097
1755173769007 182.0 1097
1755173769196 182.0 1097
1755173769388 183.0 1103
1755173769583 183.0 1103
1755173769680 184.0 1106
1755173769787 184.0 1109
1755173770038 184.0 1109
1755173770206 185.0 1115
1755173770242 185.0 1115
1755173770367 185.0 1115
1755173770566 186.0 1121
1755173770746 186.0 1121
1755173770858 187.0 1124
1755173770971 187.0 1127
1755173771083 187.0 1127
1755173771264 188.0 1133
1755173771295 188.0 1133
1755173771463 188.0 1133
1755173771671 189.0 1139
1755173771876 189.0 1139
1755173771983 190.0 1142
1755173772096 190.0 1145
1755173772205 190.0 1145
1755173772413 191.0 1151
1755173772439 191.0 1151
1755173772557 191.0 1151
1755173772854 192.0 1157
1755173773007 192.0 1157
1755173773161 193.0 1160
1755173773334 193.0 1163
1755173773519 193.0 1163
1755173773774 194.0 1169
1755173773800 194.0 1169
1755173773969 194.0 1169
1755173774187 195.0 1175
1755173774418 195.0 1175
1755173774505 196.0 1178
1755173774633 196.0 1181
1755173774746 196.0 1181
1755173775029 197.0 1187
1755173775058 197.0 1187
1755173775256 197.0 1187
1755173775450 198.0 1193
1755173775564 198.0 1193
1755173775667 199.0 1196
1755173775769 199.0 1199
1755173775890 199.0 1199
