1755173695068 5.849258337096004e-05 8
1755173695482 5.84898773113203e-05 17
1755173696104 5.8479053907363545e-05 26
1755173696519 5.847093723068509e-05 35
1755173697050 5.844929643127133e-05 44
1755173697463 5.843577364344248e-05 53
1755173698031 5.8403327462235655e-05 62
1755173698449 5.838440607029097e-05 71
1755173698999 5.834117251944998e-05 80
1755173699396 5.8316863027402745e-05 89
1755173699972 5.826286610758216e-05 98
1755173700387 5.823318201059318e-05 107
1755173700964 5.816845169761953e-05 116
1755173701448 5.813340947450547e-05 125
1755173701992 5.805798170273645e-05 134
1755173702341 5.801760080682177e-05 143
1755173705836 5.793151744919774e-05 152
1755173706190 5.7885820297515385e-05 161
1755173706808 5.778912914231396e-05 170
1755173707156 5.773814110316081e-05 179
1755173707704 5.7630895827467716e-05 188
1755173708061 5.7574645206321565e-05 197
1755173708699 5.74569053462324e-05 206
1755173709071 5.739542337003856e-05 215
1755173709669 5.726725428760793e-05 224
1755173710197 5.720057508744387e-05 233
1755173710789 5.7062047934400295e-05 242
1755173711189 5.6990208526528105e-05 251
1755173711724 5.6841400204774946e-05 260
1755173712196 5.6764440470092204e-05 269
1755173712753 5.66054335890163e-05 278
1755173713141 5.6523396250916554e-05 287
1755173713801 5.635427908152854e-05 296
1755173714354 5.626720968218391e-05 305
1755173715130 5.608807610811548e-05 314
1755173715807 5.5996022983194345e-05 323
1755173716572 5.5806972448579704e-05 332
1755173717147 5.570998670041368e-05 341
1755173717882 5.551112415468417e-05 350
1755173718433 5.5409259623899234e-05 359
1755173719207 5.52006954635218e-05 368
1755173719681 5.509400869914914e-05 377
1755173720273 5.487585870634084e-05 386
1755173720712 5.4764408934424334e-05 395
1755173721432 5.453679421287705e-05 404
1755173722030 5.4420643303594474e-05 413
1755173722859 5.418369021124551e-05 422
1755173723494 5.406290264456201e-05 431
1755173724288 5.3816742723447714e-05 440
1755173724715 5.369138555332038e-05 449
1755173725297 5.343615545655204e-05 458
1755173725728 5.3306298273705655e-05 467
1755173726333 5.304213968960792e-05 476
1755173726969 5.290785458290235e-05 485
1755173728228 5.263491415635642e-05 494
1755173728678 5.249627567276724e-05 503
1755173729261 5.22147049238025e-05 512
1755173729699 5.207179002703706e-05 521
1755173730388 5.178174526671632e-05 530
1755173730948 5.1634633294488086e-05 539
1755173732551 5.1336275538133154e-05 548
1755173732992 5.118504815811825e-05 557
1755173733528 5.0878543035923896e-05 566
1755173733946 5.0723284200424135e-05 575
1755173734628 5.040880186551023e-05 584
1755173735195 5.024959776484786e-05 593
1755173735870 4.992731279880072e-05 602
1755173736407 4.976425181347077e-05 611
1755173737149 4.943434312942592e-05 620
1755173737521 4.9267515781032685e-05 629
1755173738034 4.893016652435315e-05 638
1755173738423 4.875966542535808e-05 647
1755173739541 4.8415062871963125e-05 656
1755173739979 4.8240982674271984e-05 665
1755173740487 4.788931812667286e-05 674
1755173740874 4.7711755469090685e-05 683
1755173741407 4.735322415019103e-05 692
1755173741806 4.717227760477413e-05 701
1755173742599 4.680707854949397e-05 710
1755173743035 4.66228485668287e-05 719
1755173743576 4.6251184511612384e-05 728
1755173743952 4.606377336505097e-05 737
1755173744595 4.568585063532005e-05 746
1755173745035 4.549536236420468e-05 755
1755173745579 4.511139075981857e-05 764
1755173745967 4.491793111172503e-05 773
1755173746511 4.4528123790512764e-05 782
1755173746903 4.433180016254576e-05 791
1755173747460 4.393637352197368e-05 800
1755173747987 4.3737294901146436e-05 809
1755173748842 4.333646845818739e-05 818
1755173749429 4.3134745360918654e-05 827
1755173750781 4.2728741630189445e-05 836
1755173751296 4.25244860409515e-05 845
1755173751806 4.2113530411186145e-05 854
1755173752261 4.190685572033776e-05 863
1755173752882 4.149117632926542e-05 872
1755173753288 4.1282197270104334e-05 881
1755173754035 4.0862024877800926e-05 890
1755173754516 4.0650857462870956e-05 899
1755173755316 4.022642532365513e-05 908
1755173755978 4.0013186780342906e-05 917
1755173756747 3.95847305132874e-05 926
1755173757139 3.9369539218744886e-05 935
1755173757661 3.893729667687497e-05 944
1755173758218 3.872027209230362e-05 953
1755173758784 3.828448323055554e-05 962
1755173759161 3.8065745834888575e-05 971
1755173759678 3.7626652576901034e-05 980
1755173760163 3.740632379992093e-05 989
1755173760814 3.6964169903733715e-05 998
1755173761724 3.674237205866166e-05 1007
1755173762483 3.6297402981395935e-05 1016
1755173763132 3.607425919699094e-05 1025
1755173764014 3.5626721958586244e-05 1034
1755173764534 3.540235611079148e-05 1043
1755173765344 3.495249915687522e-05 1052
1755173765912 3.472703580004964e-05 1061
1755173766809 3.4275108864015045e-05 1070
1755173767411 3.404867316178823e-05 1079
1755173768300 3.3594927126157575e-05 1088
1755173768951 3.336764478194653e-05 1097
1755173769650 3.291233153909617e-05 1106
1755173770181 3.268432872632238e-05 1115
1755173770828 3.2227701038647436e-05 1124
1755173771222 3.199910433069298e-05 1133
1755173771947 3.15414156902889e-05 1142
1755173772367 3.131235199023054e-05 1151
1755173773115 3.085385647816962e-05 1160
1755173773729 3.062445294832995e-05 1169
1755173774479 3.0165405093610833e-05 1178
1755173774888 2.993578908496539e-05 1187
1755173775628 2.947644372321401e-05 1196
