1755173695068 0.00010442835660814996 8
1755173695482 0.00011988153355224596 17
1755173696104 0.0001460440729079322 26
1755173696519 0.00018226456317483382 35
1755173697050 0.00022764116361080112 44
1755173697463 0.00028104405883476436 53
1755173698031 0.0003411435896867603 62
1755173698449 0.0004064433599251298 71
1755173698999 0.00047531749444934145 80
1755173699396 0.0005460511213695736 89
1755173699972 0.0006168830699748099 98
1755173700387 0.0006860497214783536 107
1755173700964 0.0007518289207170815 116
1755173701448 0.0008125828554630979 125
1755173701992 0.0008667988357114875 134
1755173702341 0.0009131269575955902 143
1755173705836 0.0009504137141497492 152
1755173706190 0.000977730716057437 161
1755173706808 0.0009943978072773575 170
1755173707156 0.001 179
1755173707704 0.0009998079155196077 188
1755173708061 0.000999231809665697 197
1755173708699 0.0009982721250866692 206
1755173709071 0.0009969295991519524 215
1755173709669 0.000995205263385448 224
1755173710197 0.0009931004426729645 233
1755173710789 0.0009906167542442451 242
1755173711189 0.0009877561064303784 251
1755173711724 0.0009845206971975397 260
1755173712196 0.0009809130124581937 269
1755173712753 0.0009769358241610538 278
1755173713141 0.0009725921881612691 287
1755173713801 0.0009678854418724692 296
1755173714354 0.0009628192017024793 305
1755173715130 0.0009573973602746682 314
1755173715807 0.0009516240834370678 323
1755173716572 0.0009455038070615631 332
1755173717147 0.0009390412336356086 341
1755173717882 0.0009322413286490935 350
1755173718433 0.0009251093167791286 359
1755173719207 0.0009176506778756892 368
1755173719681 0.0009098711427511962 377
1755173720273 0.0009017766887772716 386
1755173720712 0.0008933735352920517 395
1755173721432 0.0008846681388215847 404
1755173722030 0.000875667188118989 413
1755173722859 0.000866377599025178 422
1755173723494 0.0008568065091551042 431
1755173724288 0.0008469612724136048 440
1755173724715 0.0008368494533450606 449
1755173725297 0.0008264788213212113 458
1755173725728 0.0008158573445715944 467
1755173726333 0.0008049931840611888 476
1755173726969 0.0007938946872199752 485
1755173728228 0.0007825703815292239 494
1755173728678 0.0007710289679694424 503
1755173729261 0.0007592793143350151 512
1755173729699 0.0007473304484206726 521
1755173730388 0.0007351915510850251 530
1755173730948 0.0007228719491964904 539
1755173732551 0.0007103811084670352 548
1755173732992 0.000697728626179237 557
1755173733528 0.0006849242238122544 566
1755173733946 0.000671977739572371 575
1755173734628 0.000658899120833853 584
1755173735195 0.000645698416495928 593
1755173735870 0.0006323857692617571 602
1755173736407 0.0006189714078453343 611
1755173737149 0.0006054656391122978 620
1755173737521 0.0005918788401606962 629
1755173738034 0.0005782214503477904 638
1755173738423 0.0005645039632690192 647
1755173739541 0.0005507369186952914 656
1755173739979 0.0005369308944747997 665
1755173740487 0.0005230964984055767 674
1755173740874 0.0005092443600850402 683
1755173741407 0.0004953851227427893 692
1755173741806 0.0004815294350629246 701
1755173742599 0.00046768794300217965 710
1755173743035 0.0004538712816101464 719
1755173743576 0.0004400900668578815 728
1755173743952 0.0004263548874811715 737
1755173744595 0.0004126762968447251 746
1755173745035 0.00039906480483354077 755
1755173745579 0.00038553086977768285 764
1755173745967 0.0003720848904166702 773
1755173746511 0.0003587371979096503 782
1755173746903 0.0003454980478974982 791
1755173747460 0.00033237761262293986 800
1755173747987 0.0003193859731147545 809
1755173748842 0.0003065331114420604 818
1755173749429 0.0002938289030446357 827
1755173750781 0.00028128310914516785 836
1755173751296 0.0002689053692492612 845
1755173751806 0.00025670519373896473 854
1755173752261 0.0002446919565655125 863
1755173752882 0.00023287488804688862 872
1755173753288 0.00022126306777575398 881
1755173754035 0.00020986541764318002 890
1755173754516 0.00019869069498355376 899
1755173755316 0.00018774748584591815 908
1755173755978 0.00017704419839691888 917
1755173756747 0.0001665890564604268 926
1755173757139 0.00015639009319879852 935
1755173757661 0.0001464551449406322 944
1755173758218 0.00013679184515975808 953
1755173758784 0.0001274076186100926 962
1755173759161 0.00011830967562086222 971
1755173759678 0.00010950500655657714 980
1755173760163 0.00010100037644601665 989
1755173760814 9.280231978434863e-05 998
1755173761724 8.491713551237884e-05 1007
1755173762483 7.735088217678735e-05 1016
1755173763132 7.010937327507101e-05 1025
1755173764014 6.319817278876843e-05 1034
1755173764534 5.6622590908398656e-05 1043
1755173765344 5.038767995339988e-05 1052
1755173765912 4.449823049020201e-05 1061
1755173766809 3.895876765141632e-05 1070
1755173767411 3.3773547658969176e-05 1079
1755173768300 2.8946554553852624e-05 1088
1755173768951 2.4481497135004713e-05 1097
1755173769650 2.0381806109669318e-05 1106
1755173770181 1.6650631457427635e-05 1115
1755173770828 1.3290840009925374e-05 1124
1755173771222 1.0305013248155064e-05 1133
1755173771947 7.695445318986463e-06 1142
1755173772367 5.464141272468877e-06 1151
1755173773115 3.6128155212600233e-06 1160
1755173773729 2.1428905233642414e-06 1169
1755173774479 1.055495689193417e-06 1178
1755173774888 3.5146651378926214e-07 1187
1755173775628 3.134393487457719e-08 1196
