1755168399222 1.161100149154663 8
1755168399624 1.125309944152832 17
1755168400170 1.0717471837997437 26
1755168400556 0.9799852967262268 35
1755168401153 0.8084789514541626 44
1755168401678 0.5621544122695923 53
1755168402328 0.3875930905342102 62
1755168402772 0.3050869405269623 71
1755168403424 0.2489752173423767 80
1755168403975 0.2344667762517929 89
1755168404610 0.21502189338207245 98
1755168405069 0.24158106744289398 107
1755168406284 0.21334676444530487 116
1755168406886 0.20390449464321136 125
1755168407579 0.19786782562732697 134
1755168407968 0.20562954246997833 143
1755168408718 0.21936751902103424 152
1755168409220 0.200470432639122 161
1755168409896 0.18867574632167816 170
1755168410355 0.19011247158050537 179
1755168414148 0.18570134043693542 188
1755168414836 0.1945594996213913 197
1755168415691 0.20187558233737946 206
1755168416382 0.20771686732769012 215
1755168417412 0.19734123349189758 224
1755168418226 0.19981099665164948 233
1755168419149 0.19511155784130096 242
1755168419816 0.18493707478046417 251
1755168420607 0.18594856560230255 260
1755168421140 0.19259004294872284 269
1755168421870 0.19063664972782135 278
1755168422523 0.18789461255073547 287
1755168423418 0.19240988790988922 296
1755168424070 0.19455517828464508 305
1755168424965 0.18830756843090057 314
1755168425614 0.18838925659656525 323
1755168426397 0.19266054034233093 332
1755168426913 0.18673120439052582 341
1755168427670 0.20014023780822754 350
1755168428414 0.19644711911678314 359
1755168429222 0.18991504609584808 368
1755168429913 0.18796445429325104 377
1755168430716 0.19274500012397766 386
1755168431322 0.1912648230791092 395
1755168432052 0.1941676139831543 404
1755168432536 0.19533248245716095 413
1755168433607 0.19270525872707367 422
1755168434234 0.18347005546092987 431
1755168435125 0.18913371860980988 440
1755168435695 0.1979193240404129 449
1755168436462 0.19673466682434082 458
1755168437013 0.18637672066688538 467
1755168437734 0.19167323410511017 476
1755168438404 0.1844727098941803 485
1755168439413 0.1943424493074417 494
1755168439879 0.18948723375797272 503
1755168440649 0.18821148574352264 512
1755168441176 0.18685218691825867 521
1755168441985 0.1843157857656479 530
1755168442508 0.18824191391468048 539
1755168443201 0.18787266314029694 548
1755168443749 0.19185343384742737 557
1755168444496 0.18481478095054626 566
1755168445016 0.18731950223445892 575
1755168445716 0.19326572120189667 584
1755168446310 0.18557484447956085 593
1755168446853 0.18809790909290314 602
1755168447292 0.18673337996006012 611
1755168447779 0.19081544876098633 620
1755168448170 0.20516715943813324 629
1755168448631 0.1927167773246765 638
1755168449060 0.19135235249996185 647
1755168449688 0.183206245303154 656
1755168450095 0.18449059128761292 665
1755168450866 0.1829783320426941 674
1755168451455 0.19749683141708374 683
1755168452129 0.18986964225769043 692
1755168452564 0.18814504146575928 701
1755168453208 0.19655007123947144 710
1755168454428 0.18278120458126068 719
1755168455153 0.19337275624275208 728
1755168455753 0.1887364536523819 737
1755168456569 0.19299989938735962 746
1755168457194 0.1930387020111084 755
1755168457905 0.19051966071128845 764
1755168458521 0.1912883073091507 773
1755168459199 0.18915589153766632 782
1755168459833 0.1925419718027115 791
1755168460487 0.18840211629867554 800
1755168460878 0.19060657918453217 809
1755168461533 0.18913961946964264 818
1755168462586 0.19097328186035156 827
1755168463328 0.18564388155937195 836
1755168463879 0.18674099445343018 845
1755168464727 0.18872450292110443 854
1755168465334 0.19450096786022186 863
1755168466014 0.18822379410266876 872
1755168466517 0.19214437901973724 881
1755168467059 0.19520895183086395 890
1755168467447 0.1846158653497696 899
1755168468002 0.19174765050411224 908
1755168468447 0.18217040598392487 917
1755168469077 0.1803465336561203 926
1755168469579 0.1837560087442398 935
1755168470282 0.18042755126953125 944
1755168470672 0.19372990727424622 953
1755168471317 0.18597187101840973 962
1755168471866 0.19065473973751068 971
1755168472427 0.18999800086021423 980
1755168472813 0.19224630296230316 989
1755168474291 0.1910262256860733 998
1755168474769 0.19396080076694489 1007
1755168475414 0.19003848731517792 1016
1755168475896 0.1910104602575302 1025
1755168476383 0.19346852600574493 1034
1755168476751 0.18807072937488556 1043
1755168477221 0.18919706344604492 1052
1755168477591 0.19377732276916504 1061
1755168478082 0.19270044565200806 1070
1755168478456 0.19423070549964905 1079
1755168479068 0.18662004172801971 1088
1755168479577 0.18323425948619843 1097
1755168480217 0.19006362557411194 1106
1755168480696 0.18993158638477325 1115
1755168481192 0.1935119330883026 1124
1755168481555 0.19405053555965424 1133
1755168482005 0.1870720535516739 1142
1755168482388 0.1976352035999298 1151
1755168482869 0.18852990865707397 1160
1755168483244 0.1842731386423111 1169
1755168483755 0.18796303868293762 1178
1755168484529 0.1907930076122284 1187
1755168485142 0.1931602656841278 1196
