1755168399222 0.32511961460113525 8
1755168399624 0.28508710861206055 17
1755168400170 0.2764386534690857 26
1755168400556 0.33164161443710327 35
1755168401153 0.265022873878479 44
1755168401678 0.2774154543876648 53
1755168402328 0.268563449382782 62
1755168402772 0.26999107003211975 71
1755168403424 0.2960209846496582 80
1755168403975 0.24927908182144165 89
1755168404610 0.21520760655403137 98
1755168405069 0.1568690836429596 107
1755168406284 0.11901047080755234 116
1755168406886 0.07628045231103897 125
1755168407579 0.06170602887868881 134
1755168407968 0.1399795562028885 143
1755168408718 0.08104661107063293 152
1755168409220 0.06588849425315857 161
1755168409896 0.07251892983913422 170
1755168410355 0.10142580419778824 179
1755168414148 0.07994874566793442 188
1755168414836 0.05456513911485672 197
1755168415691 0.05180345103144646 206
1755168416382 0.09694994986057281 215
1755168417412 0.07524272799491882 224
1755168418226 0.06431500613689423 233
1755168419149 0.09373846650123596 242
1755168419816 0.08498608320951462 251
1755168420607 0.06285008043050766 260
1755168421140 0.05376746132969856 269
1755168421870 0.04826731979846954 278
1755168422523 0.040888234972953796 287
1755168423418 0.09421184659004211 296
1755168424070 0.07630577683448792 305
1755168424965 0.0592544749379158 314
1755168425614 0.056578949093818665 323
1755168426397 0.05414583161473274 332
1755168426913 0.056909769773483276 341
1755168427670 0.06883960962295532 350
1755168428414 0.04102925583720207 359
1755168429222 0.05953631177544594 368
1755168429913 0.038081295788288116 377
1755168430716 0.02366451919078827 386
1755168431322 0.03268807753920555 395
1755168432052 0.037904042750597 404
1755168432536 0.03601684793829918 413
1755168433607 0.02471187710762024 422
1755168434234 0.02348686009645462 431
1755168435125 0.052400875836610794 440
1755168435695 0.033293552696704865 449
1755168436462 0.025799404829740524 458
1755168437013 0.03317934274673462 467
1755168437734 0.03149928152561188 476
1755168438404 0.039659541100263596 485
1755168439413 0.053159862756729126 494
1755168439879 0.033363986760377884 503
1755168440649 0.039729729294776917 512
1755168441176 0.03432951122522354 521
1755168441985 0.022222813218832016 530
1755168442508 0.02375081554055214 539
1755168443201 0.021582763642072678 548
1755168443749 0.021386099979281425 557
1755168444496 0.01850740797817707 566
1755168445016 0.019545726478099823 575
1755168445716 0.011004923842847347 584
1755168446310 0.01620158925652504 593
1755168446853 0.021348370239138603 602
1755168447292 0.018526146188378334 611
1755168447779 0.017200525850057602 620
1755168448170 0.024981338530778885 629
1755168448631 0.030637040734291077 638
1755168449060 0.018010225147008896 647
1755168449688 0.012876474298536777 656
1755168450095 0.02856260910630226 665
1755168450866 0.01869703084230423 674
1755168451455 0.007746716495603323 683
1755168452129 0.022777311503887177 692
1755168452564 0.021269360557198524 701
1755168453208 0.03344782441854477 710
1755168454428 0.014703357592225075 719
1755168455153 0.02274925634264946 728
1755168455753 0.03217057138681412 737
1755168456569 0.02134089171886444 746
1755168457194 0.014868335798382759 755
1755168457905 0.011868268251419067 764
1755168458521 0.019144775345921516 773
1755168459199 0.025362562388181686 782
1755168459833 0.011688057333230972 791
1755168460487 0.015578617341816425 800
1755168460878 0.025399882346391678 809
1755168461533 0.02463652566075325 818
1755168462586 0.014784266240894794 827
1755168463328 0.018386099487543106 836
1755168463879 0.020350154489278793 845
1755168464727 0.012167926877737045 854
1755168465334 0.01550917699933052 863
1755168466014 0.01880814880132675 872
1755168466517 0.01800062321126461 881
1755168467059 0.009049276821315289 890
1755168467447 0.021728314459323883 899
1755168468002 0.015303237363696098 908
1755168468447 0.06623153388500214 917
1755168469077 0.012760946527123451 926
1755168469579 0.010728969238698483 935
1755168470282 0.015360960736870766 944
1755168470672 0.017316309735178947 953
1755168471317 0.0137186199426651 962
1755168471866 0.0097116744145751 971
1755168472427 0.01153791043907404 980
1755168472813 0.021038025617599487 989
1755168474291 0.02004522830247879 998
1755168474769 0.00818898156285286 1007
1755168475414 0.01618047058582306 1016
1755168475896 0.013291626237332821 1025
1755168476383 0.02708270214498043 1034
1755168476751 0.02780820243060589 1043
1755168477221 0.017547108232975006 1052
1755168477591 0.008543334901332855 1061
1755168478082 0.012800579890608788 1070
1755168478456 0.01352161169052124 1079
1755168479068 0.01834072917699814 1088
1755168479577 0.009767305105924606 1097
1755168480217 0.018067218363285065 1106
1755168480696 0.009554932825267315 1115
1755168481192 0.01609085313975811 1124
1755168481555 0.0148350540548563 1133
1755168482005 0.011870548129081726 1142
1755168482388 0.014265941455960274 1151
1755168482869 0.012993529438972473 1160
1755168483244 0.010296177119016647 1169
1755168483755 0.011526297777891159 1178
1755168484529 0.02102982997894287 1187
1755168485142 0.011495325714349747 1196
