1755168399222 1.5914440155029297e-05 8
1755168399624 3.987550735473633e-05 17
1755168400170 1.5914440155029297e-05 26
1755168400556 1.531839370727539e-05 35
1755168401153 2.4437904357910156e-05 44
1755168401678 -3.153085708618164e-05 53
1755168402328 4.76837158203125e-06 62
1755168402772 2.008676528930664e-05 71
1755168403424 9.5367431640625e-06 80
1755168403975 1.5735626220703125e-05 89
1755168404610 0.00019359588623046875 98
1755168405069 0.0002963542938232422 107
1755168406284 0.0006966590881347656 116
1755168406886 0.0007486343383789062 125
1755168407579 0.0011644363403320312 134
1755168407968 0.0019311904907226562 143
1755168408718 0.00241851806640625 152
1755168409220 0.0021991729736328125 161
1755168409896 0.002765655517578125 170
1755168410355 0.0030574798583984375 179
1755168414148 0.0028324127197265625 188
1755168414836 0.002925872802734375 197
1755168415691 0.0027790069580078125 206
1755168416382 0.0026378631591796875 215
1755168417412 0.0034694671630859375 224
1755168418226 0.0029296875 233
1755168419149 0.0035247802734375 242
1755168419816 0.003204345703125 251
1755168420607 0.003406524658203125 260
1755168421140 0.0029754638671875 269
1755168421870 0.002948760986328125 278
1755168422523 0.0025272369384765625 287
1755168423418 0.003509521484375 296
1755168424070 0.003017425537109375 305
1755168424965 0.0026607513427734375 314
1755168425614 0.00263214111328125 323
1755168426397 0.00262451171875 332
1755168426913 0.0029506683349609375 341
1755168427670 0.0028533935546875 350
1755168428414 0.002170562744140625 359
1755168429222 0.002506256103515625 368
1755168429913 0.0022125244140625 377
1755168430716 0.0026683807373046875 386
1755168431322 0.0022029876708984375 395
1755168432052 0.0026073455810546875 404
1755168432536 0.0021915435791015625 413
1755168433607 0.002986907958984375 422
1755168434234 0.002681732177734375 431
1755168435125 0.0028438568115234375 440
1755168435695 0.0018711090087890625 449
1755168436462 0.0025482177734375 458
1755168437013 0.002155303955078125 467
1755168437734 0.0025310516357421875 476
1755168438404 0.002063751220703125 485
1755168439413 0.002040863037109375 494
1755168439879 0.0020923614501953125 503
1755168440649 0.0028171539306640625 512
1755168441176 0.0019407272338867188 521
1755168441985 0.00305938720703125 530
1755168442508 0.0025310516357421875 539
1755168443201 0.002101898193359375 548
1755168443749 0.0015974044799804688 557
1755168444496 0.002742767333984375 566
1755168445016 0.002048492431640625 575
1755168445716 0.00213623046875 584
1755168446310 0.0027904510498046875 593
1755168446853 0.002201080322265625 602
1755168447292 0.0019741058349609375 611
1755168447779 0.002979278564453125 620
1755168448170 0.0025806427001953125 629
1755168448631 0.002262115478515625 638
1755168449060 0.0028400421142578125 647
1755168449688 0.00251007080078125 656
1755168450095 0.00238037109375 665
1755168450866 0.003017425537109375 674
1755168451455 0.002986907958984375 683
1755168452129 0.002399444580078125 692
1755168452564 0.002811431884765625 701
1755168453208 0.0027713775634765625 710
1755168454428 0.0027713775634765625 719
1755168455153 0.002391815185546875 728
1755168455753 0.002651214599609375 737
1755168456569 0.002155303955078125 746
1755168457194 0.002750396728515625 755
1755168457905 0.0029087066650390625 764
1755168458521 0.003131866455078125 773
1755168459199 0.0021762847900390625 782
1755168459833 0.003231048583984375 791
1755168460487 0.0027828216552734375 800
1755168460878 0.002391815185546875 809
1755168461533 0.0029659271240234375 818
1755168462586 0.002651214599609375 827
1755168463328 0.003131866455078125 836
1755168463879 0.002925872802734375 845
1755168464727 0.00228118896484375 854
1755168465334 0.002696990966796875 863
1755168466014 0.0029087066650390625 872
1755168466517 0.002544403076171875 881
1755168467059 0.0025310516357421875 890
1755168467447 0.002338409423828125 899
1755168468002 0.002681732177734375 908
1755168468447 0.0022487640380859375 917
1755168469077 0.0032405853271484375 926
1755168469579 0.002620697021484375 935
1755168470282 0.0032444000244140625 944
1755168470672 0.003231048583984375 953
1755168471317 0.0028839111328125 962
1755168471866 0.0028781890869140625 971
1755168472427 0.002994537353515625 980
1755168472813 0.0029087066650390625 989
1755168474291 0.0029048919677734375 998
1755168474769 0.00257110595703125 1007
1755168475414 0.0034847259521484375 1016
1755168475896 0.0037784576416015625 1025
1755168476383 0.003192901611328125 1034
1755168476751 0.0033664703369140625 1043
1755168477221 0.002948760986328125 1052
1755168477591 0.003143310546875 1061
1755168478082 0.003299713134765625 1070
1755168478456 0.00275421142578125 1079
1755168479068 0.0029621124267578125 1088
1755168479577 0.0028858184814453125 1097
1755168480217 0.002727508544921875 1106
1755168480696 0.0031833648681640625 1115
1755168481192 0.003231048583984375 1124
1755168481555 0.0031375885009765625 1133
1755168482005 0.0034847259521484375 1142
1755168482388 0.0027904510498046875 1151
1755168482869 0.002765655517578125 1160
1755168483244 0.0032596588134765625 1169
1755168483755 0.003337860107421875 1178
1755168484529 0.0037326812744140625 1187
1755168485142 0.00372314453125 1196
