1755168399222 0.21364596486091614 8
1755168399624 0.19805744290351868 17
1755168400170 0.19010649621486664 26
1755168400556 0.19749125838279724 35
1755168401153 0.16035524010658264 44
1755168401678 0.13943937420845032 53
1755168402328 0.11932846903800964 62
1755168402772 0.1115066185593605 71
1755168403424 0.1137041226029396 80
1755168403975 0.0982310026884079 89
1755168404610 0.0860724002122879 98
1755168405069 0.07123206555843353 107
1755168406284 0.057071492075920105 116
1755168406886 0.04331362619996071 125
1755168407579 0.038363680243492126 134
1755168407968 0.0626719743013382 143
1755168408718 0.04640404134988785 152
1755168409220 0.03996129333972931 161
1755168409896 0.040819354355335236 170
1755168410355 0.049667276442050934 179
1755168414148 0.04277684539556503 188
1755168414836 0.03606581687927246 197
1755168415691 0.035967372357845306 206
1755168416382 0.050093185156583786 215
1755168417412 0.04263095557689667 224
1755168418226 0.03956027328968048 233
1755168419149 0.047985076904296875 242
1755168419816 0.04430996626615524 251
1755168420607 0.037790581583976746 260
1755168421140 0.03568679094314575 269
1755168421870 0.03383878618478775 278
1755168422523 0.03130865469574928 287
1755168423418 0.047855496406555176 296
1755168424070 0.04264909029006958 305
1755168424965 0.03687317669391632 314
1755168425614 0.03607582300901413 323
1755168426397 0.03577230125665665 332
1755168426913 0.03604121506214142 341
1755168427670 0.04095129668712616 350
1755168428414 0.03217057138681412 359
1755168429222 0.03710297867655754 368
1755168429913 0.03044208697974682 377
1755168430716 0.026640648022294044 386
1755168431322 0.029153205454349518 395
1755168432052 0.03104880452156067 404
1755168432536 0.030557408928871155 413
1755168433607 0.026982828974723816 422
1755168434234 0.02566128596663475 431
1755168435125 0.03491806983947754 440
1755168435695 0.029967157170176506 449
1755168436462 0.02766815759241581 458
1755168437013 0.028807006776332855 467
1755168437734 0.02887031063437462 476
1755168438404 0.0305514857172966 485
1755168439413 0.035586290061473846 494
1755168439879 0.029167134314775467 503
1755168440649 0.031021878123283386 512
1755168441176 0.02917814627289772 521
1755168441985 0.025404315441846848 530
1755168442508 0.02620263770222664 539
1755168443201 0.025472261011600494 548
1755168443749 0.025760915130376816 557
1755168444496 0.02430788241326809 566
1755168445016 0.02480047009885311 575
1755168445716 0.022841673344373703 584
1755168446310 0.023696912452578545 593
1755168446853 0.02543436363339424 602
1755168447292 0.02442859299480915 611
1755168447779 0.024539727717638016 620
1755168448170 0.02826908603310585 629
1755168448631 0.028689049184322357 638
1755168449060 0.024822259321808815 647
1755168449688 0.022434622049331665 656
1755168450095 0.02725590392947197 665
1755168450866 0.024208782240748405 674
1755168451455 0.02237243764102459 683
1755168452129 0.02606012672185898 692
1755168452564 0.025476407259702682 701
1755168453208 0.02996639907360077 710
1755168454428 0.022966168820858 719
1755168455153 0.026401186361908913 728
1755168455753 0.028789937496185303 737
1755168456569 0.025917787104845047 746
1755168457194 0.024039506912231445 755
1755168457905 0.02290331944823265 764
1755168458521 0.025185545906424522 773
1755168459199 0.026742035523056984 782
1755168459833 0.023083671927452087 791
1755168460487 0.023792032152414322 800
1755168460878 0.026919756084680557 809
1755168461533 0.026601511985063553 818
1755168462586 0.02379772998392582 827
1755168463328 0.02439350076019764 836
1755168463879 0.025071686133742332 845
1755168464727 0.02275099605321884 854
1755168465334 0.02437250129878521 863
1755168466014 0.02475569397211075 872
1755168466517 0.02486901730298996 881
1755168467059 0.022488879039883614 890
1755168467447 0.025213969871401787 899
1755168468002 0.024033958092331886 908
1755168468447 0.03831133246421814 917
1755168469077 0.022186947986483574 926
1755168469579 0.021856315433979034 935
1755168470282 0.022975532338023186 944
1755168470672 0.024890940636396408 953
1755168471317 0.023001261055469513 962
1755168471866 0.022266749292612076 971
1755168472427 0.022760627791285515 980
1755168472813 0.02582690864801407 989
1755168474291 0.02540658600628376 998
1755168474769 0.02210978977382183 1007
1755168475414 0.024206558242440224 1016
1755168475896 0.023466426879167557 1025
1755168476383 0.02779090777039528 1034
1755168476751 0.027486182749271393 1043
1755168477221 0.024478763341903687 1052
1755168477591 0.02225496992468834 1061
1755168478082 0.02344019152224064 1070
1755168478456 0.02375492826104164 1079
1755168479068 0.024460338056087494 1088
1755168479577 0.021542105823755264 1097
1755168480217 0.02469927817583084 1106
1755168480696 0.022177929058670998 1115
1755168481192 0.024501506239175797 1124
1755168481555 0.024169329553842545 1133
1755168482005 0.02261693961918354 1142
1755168482388 0.024322252720594406 1151
1755168482869 0.02302761748433113 1160
1755168483244 0.02184208482503891 1169
1755168483755 0.022587979212403297 1178
1755168484529 0.025761613622307777 1187
1755168485142 0.023137034848332405 1196
