1755173871136 0.0 5
1755173871314 0.0 5
1755173871407 1.0 8
1755173871505 1.0 11
1755173871655 1.0 11
1755173871809 2.0 17
1755173871841 2.0 17
1755173872017 2.0 17
1755173872162 3.0 23
1755173872322 3.0 23
1755173872387 4.0 26
1755173872483 4.0 29
1755173872677 4.0 29
1755173872862 5.0 35
1755173872893 5.0 35
1755173873061 5.0 35
1755173873204 6.0 41
1755173873352 6.0 41
1755173873440 7.0 44
1755173873542 7.0 47
1755173873709 7.0 47
1755173873903 8.0 53
1755173873933 8.0 53
1755173874101 8.0 53
1755173874255 9.0 59
1755173874399 9.0 59
1755173874479 10.0 62
1755173874561 10.0 65
1755173874739 10.0 65
1755173874886 11.0 71
1755173874919 11.0 71
1755173875192 11.0 71
1755173875360 12.0 77
1755173875529 12.0 77
1755173875601 13.0 80
1755173875703 13.0 83
1755173875936 13.0 83
1755173876147 14.0 89
1755173876180 14.0 89
1755173876340 14.0 89
1755173876533 15.0 95
1755173876685 15.0 95
1755173876787 16.0 98
1755173876894 16.0 101
1755173877067 16.0 101
1755173877317 17.0 107
1755173877353 17.0 107
1755173877528 17.0 107
1755173877712 18.0 113
1755173877892 18.0 113
1755173877989 19.0 116
1755173878119 19.0 119
1755173878315 19.0 119
1755173878483 20.0 125
1755173878519 20.0 125
1755173878721 20.0 125
1755173878923 21.0 131
1755173879135 21.0 131
1755173879247 22.0 134
1755173879348 22.0 137
1755173879542 22.0 137
1755173879728 23.0 143
1755173879759 23.0 143
1755173879962 23.0 143
1755173880176 24.0 149
1755173880404 24.0 149
1755173880546 25.0 152
1755173880714 25.0 155
1755173882285 25.0 155
1755173882560 26.0 161
1755173882601 26.0 161
1755173882804 26.0 161
1755173883003 27.0 167
1755173883191 27.0 167
1755173883287 28.0 170
1755173883394 28.0 173
1755173883635 28.0 173
1755173883850 29.0 179
1755173883883 29.0 179
1755173884012 29.0 179
1755173884236 30.0 185
1755173884414 30.0 185
1755173884552 31.0 188
1755173884708 31.0 191
1755173884928 31.0 191
1755173885207 32.0 197
1755173885243 32.0 197
1755173885462 32.0 197
1755173885757 33.0 203
1755173885951 33.0 203
1755173886042 34.0 206
1755173886152 34.0 209
1755173886355 34.0 209
1755173886559 35.0 215
1755173886589 35.0 215
1755173887595 35.0 215
1755173887914 36.0 221
1755173888041 36.0 221
1755173888188 37.0 224
1755173888353 37.0 227
1755173888568 37.0 227
1755173888867 38.0 233
1755173888893 38.0 233
1755173889158 38.0 233
1755173889465 39.0 239
1755173889653 39.0 239
1755173889749 40.0 242
1755173889861 40.0 245
1755173890087 40.0 245
1755173890296 41.0 251
1755173890328 41.0 251
1755173890525 41.0 251
1755173890723 42.0 257
1755173890916 42.0 257
1755173891025 43.0 260
1755173891127 43.0 263
1755173891363 43.0 263
1755173891634 44.0 269
1755173891664 44.0 269
1755173891874 44.0 269
1755173892057 45.0 275
1755173892230 45.0 275
1755173892327 46.0 278
1755173892484 46.0 281
1755173892606 46.0 281
1755173892876 47.0 287
1755173892908 47.0 287
1755173893150 47.0 287
1755173893485 48.0 293
1755173893698 48.0 293
1755173893841 49.0 296
1755173894120 49.0 299
1755173894253 49.0 299
1755173894532 50.0 305
1755173894573 50.0 305
1755173894781 50.0 305
1755173895075 51.0 311
1755173895187 51.0 311
1755173895278 52.0 314
1755173895374 52.0 317
1755173895583 52.0 317
1755173895808 53.0 323
1755173895844 53.0 323
1755173895987 53.0 323
1755173896194 54.0 329
1755173896322 54.0 329
1755173896402 55.0 332
1755173896520 55.0 335
1755173896636 55.0 335
1755173896831 56.0 341
1755173896851 56.0 341
1755173897064 56.0 341
1755173897355 57.0 347
1755173897564 57.0 347
1755173897701 58.0 350
1755173897864 58.0 353
1755173898104 58.0 353
1755173898518 59.0 359
1755173898557 59.0 359
1755173898861 59.0 359
1755173899152 60.0 365
1755173899265 60.0 365
1755173899382 61.0 368
1755173899483 61.0 371
1755173899676 61.0 371
1755173899854 62.0 377
1755173899895 62.0 377
1755173900083 62.0 377
1755173900281 63.0 383
1755173900382 63.0 383
1755173900484 64.0 386
1755173900600 64.0 389
1755173901036 64.0 389
1755173901236 65.0 395
1755173901266 65.0 395
1755173901372 65.0 395
1755173901571 66.0 401
1755173901764 66.0 401
1755173901866 67.0 404
1755173902027 67.0 407
1755173902203 67.0 407
1755173902477 68.0 413
1755173902509 68.0 413
1755173902735 68.0 413
1755173903031 69.0 419
1755173903173 69.0 419
1755173903311 70.0 422
1755173903482 70.0 425
1755173903614 70.0 425
1755173903873 71.0 431
1755173903909 71.0 431
1755173904111 71.0 431
1755173904427 72.0 437
1755173904544 72.0 437
1755173904691 73.0 440
1755173904870 73.0 443
1755173905063 73.0 443
1755173905328 74.0 449
1755173905369 74.0 449
1755173905588 74.0 449
1755173905909 75.0 455
1755173906036 75.0 455
1755173906192 76.0 458
1755173906350 76.0 461
1755173906488 76.0 461
1755173906749 77.0 467
1755173906779 77.0 467
1755173906962 77.0 467
1755173907145 78.0 473
1755173907343 78.0 473
1755173907441 79.0 476
1755173907548 79.0 479
1755173907660 79.0 479
1755173907837 80.0 485
1755173907863 80.0 485
1755173908067 80.0 485
1755173908249 81.0 491
1755173908373 81.0 491
1755173908475 82.0 494
1755173908638 82.0 497
1755173908851 82.0 497
1755173909160 83.0 503
1755173909202 83.0 503
1755173909410 83.0 503
1755173909689 84.0 509
1755173909892 84.0 509
1755173910034 85.0 512
1755173910217 85.0 515
1755173910333 85.0 515
1755173910624 86.0 521
1755173910662 86.0 521
1755173910787 86.0 521
1755173911074 87.0 527
1755173911207 87.0 527
1755173911308 88.0 530
1755173911419 88.0 533
1755173911551 88.0 533
1755173911739 89.0 539
1755173911759 89.0 539
1755173911882 89.0 539
1755173912075 90.0 545
1755173912254 90.0 545
1755173912356 91.0 548
1755173912469 91.0 551
1755173912591 91.0 551
1755173912800 92.0 557
1755173912825 92.0 557
1755173912966 92.0 557
1755173913174 93.0 563
1755173913381 93.0 563
1755173913524 94.0 566
1755173913672 94.0 569
1755173913804 94.0 569
1755173914087 95.0 575
1755173914123 95.0 575
1755173914271 95.0 575
1755173914560 96.0 581
1755173914676 96.0 581
1755173914763 97.0 584
1755173914864 97.0 587
1755173914980 97.0 587
1755173915158 98.0 593
1755173915188 98.0 593
1755173915432 98.0 593
1755173915671 99.0 599
1755173915799 99.0 599
1755173915906 100.0 602
1755173916012 100.0 605
1755173916130 100.0 605
1755173916302 101.0 611
1755173916332 101.0 611
1755173916521 101.0 611
1755173916836 102.0 617
1755173917078 102.0 617
1755173917240 103.0 620
1755173917392 103.0 623
1755173917509 103.0 623
1755173917784 104.0 629
1755173917818 104.0 629
1755173917929 104.0 629
1755173918236 105.0 635
1755173918521 105.0 635
1755173918673 106.0 638
1755173918835 106.0 641
1755173919022 106.0 641
1755173919291 107.0 647
1755173919321 107.0 647
1755173919641 107.0 647
1755173919958 108.0 653
1755173920088 108.0 653
1755173920184 109.0 656
1755173920283 109.0 659
1755173920477 109.0 659
1755173920665 110.0 665
1755173920818 110.0 665
1755173921791 110.0 665
1755173922136 111.0 671
1755173922355 111.0 671
1755173922523 112.0 674
1755173922701 112.0 677
1755173922827 112.0 677
1755173923104 113.0 683
1755173923136 113.0 683
1755173923249 113.0 683
1755173923538 114.0 689
1755173923752 114.0 689
1755173923858 115.0 692
1755173923970 115.0 695
1755173924162 115.0 695
1755173924365 116.0 701
1755173924385 116.0 701
1755173924583 116.0 701
1755173924787 117.0 707
1755173925026 117.0 707
1755173925138 118.0 710
1755173925270 118.0 713
1755173925463 118.0 713
1755173925744 119.0 719
1755173925770 119.0 719
1755173925882 119.0 719
1755173926161 120.0 725
1755173926418 120.0 725
1755173926541 121.0 728
1755173926668 121.0 731
1755173926862 121.0 731
1755173927030 122.0 737
1755173927056 122.0 737
1755173927224 122.0 737
1755173927412 123.0 743
1755173927621 123.0 743
1755173927749 124.0 746
1755173927983 124.0 749
1755173928178 124.0 749
1755173928356 125.0 755
1755173928376 125.0 755
1755173928784 125.0 755
1755173929062 126.0 761
1755173929315 126.0 761
1755173929461 127.0 764
1755173929619 127.0 767
1755173929817 127.0 767
1755173930108 128.0 773
1755173930141 128.0 773
1755173930351 128.0 773
1755173930554 129.0 779
1755173930687 129.0 779
1755173930779 130.0 782
1755173930876 130.0 785
1755173931065 130.0 785
1755173931242 131.0 791
1755173931272 131.0 791
1755173931388 131.0 791
1755173931586 132.0 797
1755173931784 132.0 797
1755173931907 133.0 800
1755173932078 133.0 803
1755173932772 133.0 803
1755173933067 134.0 809
1755173933109 134.0 809
1755173933308 134.0 809
1755173933592 135.0 815
1755173933789 135.0 815
1755173933938 136.0 818
1755173934120 136.0 821
1755173934335 136.0 821
1755173934614 137.0 827
1755173934640 137.0 827
1755173934861 137.0 827
1755173935171 138.0 833
1755173935421 138.0 833
1755173935573 139.0 836
1755173935731 139.0 839
1755173935924 139.0 839
1755173936106 140.0 845
1755173936138 140.0 845
1755173936428 140.0 845
1755173936660 141.0 851
1755173936835 141.0 851
1755173936942 142.0 854
1755173937048 142.0 857
1755173937405 143.0 863
1755173937435 143.0 863
1755173937801 144.0 869
1755173938025 144.0 869
1755173938154 145.0 872
1755173938267 145.0 875
1755173938461 145.0 875
1755173938709 146.0 881
1755173938744 146.0 881
1755173938937 146.0 881
1755173939255 147.0 887
1755173939498 147.0 887
1755173939659 148.0 890
1755173939824 148.0 893
1755173940013 148.0 893
1755173940283 149.0 899
1755173940319 149.0 899
1755173940528 149.0 899
1755173940773 150.0 905
1755173940999 150.0 905
1755173941092 151.0 908
1755173941205 151.0 911
1755173941418 151.0 911
1755173941610 152.0 917
1755173941636 152.0 917
1755173941852 152.0 917
1755173942142 153.0 923
1755173942406 153.0 923
1755173942555 154.0 926
1755173942723 154.0 929
1755173942923 154.0 929
1755173943316 155.0 935
1755173943372 155.0 935
1755173943633 155.0 935
1755173943940 156.0 941
1755173944249 156.0 941
1755173944349 157.0 944
1755173944487 157.0 947
1755173944750 157.0 947
1755173944975 158.0 953
1755173945005 158.0 953
1755173945250 158.0 953
1755173945434 159.0 959
1755173945643 159.0 959
1755173945909 160.0 962
1755173946210 160.0 965
1755173946455 160.0 965
1755173946731 161.0 971
1755173946757 161.0 971
1755173947069 161.0 971
1755173947320 162.0 977
1755173947553 162.0 977
1755173947665 163.0 980
1755173947799 163.0 983
1755173948007 163.0 983
1755173948222 164.0 989
1755173948252 164.0 989
1755173948466 164.0 989
1755173948750 165.0 995
1755173948888 165.0 995
1755173949015 166.0 998
1755173949154 166.0 1001
1755173949389 166.0 1001
1755173949578 167.0 1007
1755173949604 167.0 1007
1755173949838 167.0 1007
1755173950059 168.0 1013
1755173950273 168.0 1013
1755173950368 169.0 1016
1755173950496 169.0 1019
1755173950741 169.0 1019
1755173951048 170.0 1025
1755173951088 170.0 1025
1755173951311 170.0 1025
1755173951627 171.0 1031
1755173951764 171.0 1031
1755173951912 172.0 1034
1755173952086 172.0 1037
1755173952232 172.0 1037
1755173952511 173.0 1043
1755173952541 173.0 1043
1755173952673 173.0 1043
1755173952878 174.0 1049
1755173953016 174.0 1049
1755173953143 175.0 1052
1755173953379 175.0 1055
1755173953508 175.0 1055
1755173953720 176.0 1061
1755173953751 176.0 1061
1755173953883 176.0 1061
1755173954106 177.0 1067
1755173954253 177.0 1067
1755173954371 178.0 1070
1755173954513 178.0 1073
1755173955409 178.0 1073
1755173955704 179.0 1079
1755173955744 179.0 1079
1755173955888 179.0 1079
1755173956215 180.0 1085
1755173956465 180.0 1085
1755173956617 181.0 1088
1755173956792 181.0 1091
1755173957047 181.0 1091
1755173957341 182.0 1097
1755173957380 182.0 1097
1755173957661 182.0 1097
1755173957951 183.0 1103
1755173958171 183.0 1103
1755173958283 184.0 1106
1755173958405 184.0 1109
1755173958539 184.0 1109
1755173958724 185.0 1115
1755173958744 185.0 1115
1755173958867 185.0 1115
1755173959076 186.0 1121
1755173959198 186.0 1121
1755173959293 187.0 1124
1755173959407 187.0 1127
1755173959537 187.0 1127
1755173959771 188.0 1133
1755173959810 188.0 1133
1755173960036 188.0 1133
1755173960256 189.0 1139
1755173960387 189.0 1139
1755173960484 190.0 1142
1755173960611 190.0 1145
1755173960758 190.0 1145
1755173961059 191.0 1151
1755173961095 191.0 1151
1755173961329 191.0 1151
1755173961632 192.0 1157
1755173961775 192.0 1157
1755173961938 193.0 1160
1755173962116 193.0 1163
1755173962347 193.0 1163
1755173962654 194.0 1169
1755173962675 194.0 1169
1755173962906 194.0 1169
1755173963207 195.0 1175
1755173963350 195.0 1175
1755173963508 196.0 1178
1755173963692 196.0 1181
1755173963835 196.0 1181
1755173964166 197.0 1187
1755173964202 197.0 1187
1755173964344 197.0 1187
1755173964678 198.0 1193
1755173964882 198.0 1193
1755173965030 199.0 1196
1755173965211 199.0 1199
1755173965436 199.0 1199
1755173966500 200.0 1205
1755173966535 200.0 1205
1755173966784 200.0 1205
1755173967123 201.0 1211
1755173967363 201.0 1211
1755173967507 202.0 1214
1755173967670 202.0 1217
1755173967900 202.0 1217
1755173968200 203.0 1223
1755173968244 203.0 1223
1755173968471 203.0 1223
1755173968756 204.0 1229
1755173968955 204.0 1229
1755173969067 205.0 1232
1755173969189 205.0 1235
1755173969440 205.0 1235
1755173969665 206.0 1241
1755173969691 206.0 1241
1755173969900 206.0 1241
1755173970099 207.0 1247
1755173970303 207.0 1247
1755173970430 208.0 1250
1755173970640 208.0 1253
1755173970900 208.0 1253
1755173971311 209.0 1259
1755173971327 209.0 1259
1755173971510 209.0 1259
1755173971699 210.0 1265
1755173971872 210.0 1265
1755173971974 211.0 1268
1755173972097 211.0 1271
1755173972338 211.0 1271
1755173972511 212.0 1277
1755173972542 212.0 1277
1755173972776 212.0 1277
1755173972955 213.0 1283
1755173973144 213.0 1283
1755173973256 214.0 1286
1755173973363 214.0 1289
1755173973582 214.0 1289
1755173973807 215.0 1295
1755173973843 215.0 1295
1755173974057 215.0 1295
1755173974267 216.0 1301
1755173974393 216.0 1301
1755173974499 217.0 1304
1755173974616 217.0 1307
1755173974864 217.0 1307
1755173975084 218.0 1313
1755173975110 218.0 1313
1755173975318 218.0 1313
1755173975512 219.0 1319
1755173975722 219.0 1319
1755173975812 220.0 1322
1755173975940 220.0 1325
1755173976129 220.0 1325
1755173976331 221.0 1331
1755173976357 221.0 1331
1755173976664 221.0 1331
1755173976874 222.0 1337
1755173977191 222.0 1337
1755173977336 223.0 1340
1755173977526 223.0 1343
1755173977750 223.0 1343
1755173978011 224.0 1349
1755173978037 224.0 1349
1755173978339 224.0 1349
1755173978623 225.0 1355
1755173978843 225.0 1355
1755173979005 226.0 1358
1755173979180 226.0 1361
1755173979376 226.0 1361
1755173979636 227.0 1367
1755173979682 227.0 1367
1755173979871 227.0 1367
1755173980194 228.0 1373
1755173980306 228.0 1373
1755173980450 229.0 1376
1755173980607 229.0 1379
1755173980802 229.0 1379
1755173981068 230.0 1385
1755173981098 230.0 1385
1755173981327 230.0 1385
1755173981632 231.0 1391
1755173981820 231.0 1391
1755173981969 232.0 1394
1755173982121 232.0 1397
1755173982244 232.0 1397
1755173982438 233.0 1403
1755173982464 233.0 1403
1755173982571 233.0 1403
1755173982771 234.0 1409
1755173982894 234.0 1409
1755173982986 235.0 1412
1755173983099 235.0 1415
1755173983210 235.0 1415
1755173983388 236.0 1421
1755173983421 236.0 1421
1755173983536 236.0 1421
1755173983781 237.0 1427
1755173983989 237.0 1427
1755173984127 238.0 1430
1755173984290 238.0 1433
1755173984509 238.0 1433
1755173984775 239.0 1439
1755173984811 239.0 1439
1755173984953 239.0 1439
1755173985240 240.0 1445
1755173985434 240.0 1445
1755173985531 241.0 1448
1755173985653 241.0 1451
1755173985862 241.0 1451
1755173986052 242.0 1457
1755173986072 242.0 1457
1755173986406 242.0 1457
1755173986603 243.0 1463
1755173986710 243.0 1463
1755173986806 244.0 1466
1755173986944 244.0 1469
1755173987062 244.0 1469
1755173987319 245.0 1475
1755173987354 245.0 1475
1755173987544 245.0 1475
1755173987829 246.0 1481
1755173987961 246.0 1481
1755173988457 247.0 1484
1755173988565 247.0 1487
1755173988692 247.0 1487
1755173988877 248.0 1493
1755173988904 248.0 1493
1755173989070 248.0 1493
1755173989262 249.0 1499
1755173989374 249.0 1499
1755173989471 250.0 1502
1755173989577 250.0 1505
1755173989794 250.0 1505
1755173990084 251.0 1511
1755173990120 251.0 1511
1755173990293 251.0 1511
1755173990473 252.0 1517
1755173990570 252.0 1517
1755173990662 253.0 1520
1755173990805 253.0 1523
1755173990928 253.0 1523
1755173991233 254.0 1529
1755173991274 254.0 1529
1755173991393 254.0 1529
1755173991677 255.0 1535
1755173991855 255.0 1535
1755173991948 256.0 1538
1755173992040 256.0 1541
1755173992173 256.0 1541
1755173992353 257.0 1547
1755173992384 257.0 1547
1755173992513 257.0 1547
1755173992691 258.0 1553
1755173992829 258.0 1553
1755173992926 259.0 1556
1755173993029 259.0 1559
1755173993972 259.0 1559
1755173994252 260.0 1565
1755173994283 260.0 1565
1755173994415 260.0 1565
1755173994707 261.0 1571
1755173994809 261.0 1571
1755173994902 262.0 1574
1755173995013 262.0 1577
1755173995125 262.0 1577
1755173995306 263.0 1583
1755173995339 263.0 1583
1755173995450 263.0 1583
1755173995633 264.0 1589
1755173995740 264.0 1589
1755173995842 265.0 1592
1755173995960 265.0 1595
1755173996076 265.0 1595
1755173996253 266.0 1601
1755173996270 266.0 1601
1755173996383 266.0 1601
1755173996649 267.0 1607
1755173996838 267.0 1607
1755173996934 268.0 1610
1755173997040 268.0 1613
1755173997152 268.0 1613
1755173997322 269.0 1619
1755173997352 269.0 1619
1755173997464 269.0 1619
1755173997672 270.0 1625
1755173997791 270.0 1625
1755173997883 271.0 1628
1755173997980 271.0 1631
1755173998083 271.0 1631
1755173998256 272.0 1637
1755173998288 272.0 1637
1755173998410 272.0 1637
1755173998617 273.0 1643
1755173998742 273.0 1643
1755173998842 274.0 1646
1755173998964 274.0 1649
1755173999164 274.0 1649
1755173999433 275.0 1655
1755173999469 275.0 1655
1755173999952 275.0 1655
1755174000252 276.0 1661
1755174000471 276.0 1661
1755174000553 277.0 1664
1755174000656 277.0 1667
1755174000783 277.0 1667
1755174001043 278.0 1673
1755174001073 278.0 1673
1755174001234 278.0 1673
1755174001429 279.0 1679
1755174001614 279.0 1679
1755174001712 280.0 1682
1755174001805 280.0 1685
1755174001923 280.0 1685
1755174002091 281.0 1691
1755174002117 281.0 1691
1755174002313 281.0 1691
1755174002613 282.0 1697
1755174002731 282.0 1697
1755174002875 283.0 1700
1755174003034 283.0 1703
1755174003248 283.0 1703
1755174003554 284.0 1709
1755174003580 284.0 1709
1755174003709 284.0 1709
1755174003903 285.0 1715
1755174004015 285.0 1715
1755174004113 286.0 1718
1755174004215 286.0 1721
1755174004325 286.0 1721
1755174004487 287.0 1727
1755174004519 287.0 1727
1755174004636 287.0 1727
1755174004841 288.0 1733
1755174004979 288.0 1733
1755174005122 289.0 1736
1755174005285 289.0 1739
1755174005402 289.0 1739
1755174005682 290.0 1745
1755174005708 290.0 1745
1755174005830 290.0 1745
1755174006029 291.0 1751
1755174006148 291.0 1751
1755174006239 292.0 1754
1755174006356 292.0 1757
1755174006464 292.0 1757
1755174006637 293.0 1763
1755174006668 293.0 1763
1755174006866 293.0 1763
1755174007075 294.0 1769
1755174007268 294.0 1769
1755174007365 295.0 1772
1755174007476 295.0 1775
1755174007669 295.0 1775
1755174007952 296.0 1781
1755174007982 296.0 1781
1755174008201 296.0 1781
1755174008508 297.0 1787
1755174008610 297.0 1787
1755174008713 298.0 1790
1755174008805 298.0 1793
1755174009085 298.0 1793
1755174009263 299.0 1799
1755174009294 299.0 1799
1755174009492 299.0 1799
1755174009696 300.0 1805
1755174009842 300.0 1805
1755174009939 301.0 1808
1755174010038 301.0 1811
1755174010146 301.0 1811
1755174010322 302.0 1817
1755174010371 302.0 1817
1755174010995 302.0 1817
1755174011273 303.0 1823
1755174011458 303.0 1823
1755174011596 304.0 1826
1755174011730 304.0 1829
1755174011836 304.0 1829
1755174012059 305.0 1835
1755174012085 305.0 1835
1755174012212 305.0 1835
1755174012443 306.0 1841
1755174012633 306.0 1841
1755174012720 307.0 1844
1755174012827 307.0 1847
1755174012940 307.0 1847
1755174013131 308.0 1853
1755174013267 308.0 1853
1755174013383 308.0 1853
1755174013643 309.0 1859
1755174013760 309.0 1859
1755174014015 310.0 1862
1755174014183 310.0 1865
1755174014296 310.0 1865
1755174014560 311.0 1871
1755174014586 311.0 1871
1755174014720 311.0 1871
1755174015002 312.0 1877
1755174015120 312.0 1877
1755174015259 313.0 1880
1755174015408 313.0 1883
1755174015530 313.0 1883
1755174015698 314.0 1889
1755174015735 314.0 1889
1755174015940 314.0 1889
1755174016159 315.0 1895
1755174016287 315.0 1895
1755174016408 316.0 1898
1755174016504 316.0 1901
1755174016627 316.0 1901
1755174016796 317.0 1907
1755174016822 317.0 1907
1755174016941 317.0 1907
1755174017115 318.0 1913
1755174017223 318.0 1913
1755174017325 319.0 1916
1755174017423 319.0 1919
1755174017536 319.0 1919
1755174017842 320.0 1925
1755174017884 320.0 1925
1755174018073 320.0 1925
1755174018387 321.0 1931
1755174018506 321.0 1931
1755174018639 322.0 1934
1755174018803 322.0 1937
1755174018916 322.0 1937
1755174019185 323.0 1943
1755174019215 323.0 1943
1755174019335 323.0 1943
1755174019614 324.0 1949
1755174019721 324.0 1949
1755174019808 325.0 1952
1755174019911 325.0 1955
1755174020013 325.0 1955
1755174020193 326.0 1961
1755174020213 326.0 1961
1755174020321 326.0 1961
1755174020525 327.0 1967
1755174020660 327.0 1967
1755174020758 328.0 1970
1755174020866 328.0 1973
1755174020973 328.0 1973
1755174021152 329.0 1979
1755174021178 329.0 1979
1755174021281 329.0 1979
1755174021470 330.0 1985
1755174021578 330.0 1985
1755174022292 331.0 1988
1755174022443 331.0 1991
1755174022620 331.0 1991
1755174022910 332.0 1997
1755174022940 332.0 1997
1755174023054 332.0 1997
1755174023327 333.0 2003
1755174023425 333.0 2003
1755174023522 334.0 2006
1755174023633 334.0 2009
1755174023741 334.0 2009
1755174023914 335.0 2015
1755174023940 335.0 2015
1755174024048 335.0 2015
1755174024228 336.0 2021
1755174024335 336.0 2021
1755174024412 337.0 2024
1755174024521 337.0 2027
1755174024638 337.0 2027
1755174024812 338.0 2033
1755174024838 338.0 2033
1755174024960 338.0 2033
1755174025168 339.0 2039
1755174025270 339.0 2039
1755174025368 340.0 2042
1755174025480 340.0 2045
1755174025593 340.0 2045
1755174025770 341.0 2051
1755174025786 341.0 2051
1755174025910 341.0 2051
1755174026098 342.0 2057
1755174026210 342.0 2057
1755174026302 343.0 2060
1755174026403 343.0 2063
1755174026582 343.0 2063
1755174026756 344.0 2069
1755174026798 344.0 2069
1755174026920 344.0 2069
1755174027159 345.0 2075
1755174027390 345.0 2075
1755174027530 346.0 2078
1755174027705 346.0 2081
1755174027811 346.0 2081
1755174028075 347.0 2087
1755174028107 347.0 2087
1755174028209 347.0 2087
1755174028403 348.0 2093
1755174028504 348.0 2093
1755174028584 349.0 2096
1755174028693 349.0 2099
1755174028878 349.0 2099
1755174029077 350.0 2105
1755174029102 350.0 2105
1755174029240 350.0 2105
1755174029425 351.0 2111
1755174029532 351.0 2111
1755174029624 352.0 2114
1755174029727 352.0 2117
1755174029829 352.0 2117
1755174030014 353.0 2123
1755174030040 353.0 2123
1755174030177 353.0 2123
1755174030382 354.0 2129
1755174030494 354.0 2129
1755174030602 355.0 2132
1755174030710 355.0 2135
1755174030828 355.0 2135
1755174031002 356.0 2141
1755174031028 356.0 2141
1755174031150 356.0 2141
1755174031369 357.0 2147
1755174031482 357.0 2147
1755174031576 358.0 2150
1755174031684 358.0 2153
1755174031791 358.0 2153
1755174031967 359.0 2159
1755174031987 359.0 2159
1755174032435 359.0 2159
1755174032722 360.0 2165
1755174032913 360.0 2165
1755174033061 361.0 2168
1755174033225 361.0 2171
1755174033322 361.0 2171
1755174033502 362.0 2177
1755174033532 362.0 2177
1755174033641 362.0 2177
1755174033826 363.0 2183
1755174033928 363.0 2183
1755174034082 364.0 2186
1755174034240 364.0 2189
1755174034348 364.0 2189
1755174034630 365.0 2195
1755174034656 365.0 2195
1755174034775 365.0 2195
1755174035058 366.0 2201
1755174035171 366.0 2201
1755174035269 367.0 2204
1755174035361 367.0 2207
1755174035566 367.0 2207
1755174035750 368.0 2213
1755174035780 368.0 2213
1755174036002 368.0 2213
1755174036196 369.0 2219
1755174036299 369.0 2219
1755174036376 370.0 2222
1755174036482 370.0 2225
1755174036604 370.0 2225
1755174036782 371.0 2231
1755174036812 371.0 2231
1755174037007 371.0 2231
1755174037327 372.0 2237
1755174037438 372.0 2237
1755174037568 373.0 2240
1755174037713 373.0 2243
1755174037837 373.0 2243
1755174038010 374.0 2249
1755174038046 374.0 2249
1755174038236 374.0 2249
1755174038454 375.0 2255
1755174038566 375.0 2255
1755174038668 376.0 2258
1755174038769 376.0 2261
1755174038887 376.0 2261
1755174039076 377.0 2267
1755174039102 377.0 2267
1755174039213 377.0 2267
1755174039407 378.0 2273
1755174039586 378.0 2273
1755174039684 379.0 2276
1755174039797 379.0 2279
1755174039919 379.0 2279
1755174040098 380.0 2285
1755174040124 380.0 2285
1755174040247 380.0 2285
1755174040430 381.0 2291
1755174040619 381.0 2291
1755174040716 382.0 2294
1755174040829 382.0 2297
1755174040942 382.0 2297
1755174041151 383.0 2303
1755174041183 383.0 2303
1755174041308 383.0 2303
1755174041586 384.0 2309
1755174041689 384.0 2309
1755174041828 385.0 2312
1755174042007 385.0 2315
1755174042229 385.0 2315
1755174042484 386.0 2321
1755174042520 386.0 2321
1755174042694 386.0 2321
1755174042880 387.0 2327
1755174042988 387.0 2327
1755174043085 388.0 2330
1755174043191 388.0 2333
1755174043430 388.0 2333
1755174043616 389.0 2339
1755174043631 389.0 2339
1755174043820 389.0 2339
1755174044012 390.0 2345
1755174044215 390.0 2345
1755174044307 391.0 2348
1755174044405 391.0 2351
1755174044630 391.0 2351
1755174044813 392.0 2357
1755174044838 392.0 2357
1755174045024 392.0 2357
1755174045212 393.0 2363
1755174045320 393.0 2363
1755174045469 394.0 2366
1755174045628 394.0 2369
1755174045828 394.0 2369
1755174046095 395.0 2375
1755174046131 395.0 2375
1755174046340 395.0 2375
1755174046640 396.0 2381
1755174046813 396.0 2381
1755174046919 397.0 2384
1755174047033 397.0 2387
1755174047232 397.0 2387
1755174047401 398.0 2393
1755174047427 398.0 2393
1755174047540 398.0 2393
1755174047730 399.0 2399
1755174047910 399.0 2399
1755174047986 400.0 2402
1755174048109 400.0 2405
1755174048216 400.0 2405
1755174048380 401.0 2411
1755174048416 401.0 2411
1755174048534 401.0 2411
1755174048744 402.0 2417
1755174048953 402.0 2417
1755174049055 403.0 2420
1755174049176 403.0 2423
1755174049289 403.0 2423
1755174049493 404.0 2429
1755174049525 404.0 2429
1755174049758 404.0 2429
1755174050053 405.0 2435
1755174050245 405.0 2435
1755174050383 406.0 2438
1755174050516 406.0 2441
1755174050721 406.0 2441
1755174050885 407.0 2447
1755174050911 407.0 2447
1755174051110 407.0 2447
1755174051293 408.0 2453
1755174051616 408.0 2453
1755174051737 409.0 2456
1755174051843 409.0 2459
1755174052060 409.0 2459
1755174052255 410.0 2465
1755174052285 410.0 2465
1755174052413 410.0 2465
1755174052711 411.0 2471
1755174052904 411.0 2471
1755174053046 412.0 2474
1755174053204 412.0 2477
1755174053322 412.0 2477
1755174053491 413.0 2483
1755174053521 413.0 2483
1755174053829 413.0 2483
1755174054048 414.0 2489
1755174054169 414.0 2489
1755174054257 415.0 2492
1755174054359 415.0 2495
1755174054564 415.0 2495
1755174054742 416.0 2501
1755174054763 416.0 2501
1755174054876 416.0 2501
1755174055087 417.0 2507
1755174055286 417.0 2507
1755174055512 418.0 2510
1755174055673 418.0 2513
1755174055802 418.0 2513
1755174056070 419.0 2519
1755174056100 419.0 2519
1755174056316 419.0 2519
1755174056518 420.0 2525
1755174056638 420.0 2525
1755174056742 421.0 2528
1755174056853 421.0 2531
1755174057150 421.0 2531
1755174057345 422.0 2537
1755174057375 422.0 2537
1755174057484 422.0 2537
1755174057673 423.0 2543
1755174057781 423.0 2543
1755174057910 424.0 2546
1755174058074 424.0 2549
1755174058186 424.0 2549
1755174058451 425.0 2555
1755174058489 425.0 2555
1755174058584 425.0 2555
1755174058777 426.0 2561
1755174058913 426.0 2561
1755174059031 427.0 2564
1755174059276 427.0 2567
1755174059414 427.0 2567
1755174059587 428.0 2573
1755174059612 428.0 2573
1755174059788 428.0 2573
1755174059981 429.0 2579
1755174060175 429.0 2579
1755174060277 430.0 2582
1755174060430 430.0 2585
1755174060553 430.0 2585
1755174060844 431.0 2591
1755174060880 431.0 2591
1755174060983 431.0 2591
1755174061276 432.0 2597
1755174061475 432.0 2597
1755174061574 433.0 2600
1755174061687 433.0 2603
1755174061801 433.0 2603
1755174061982 434.0 2609
1755174062023 434.0 2609
1755174062207 434.0 2609
1755174062392 435.0 2615
1755174062606 435.0 2615
1755174062754 436.0 2618
1755174062914 436.0 2621
1755174063119 436.0 2621
1755174063393 437.0 2627
1755174063424 437.0 2627
1755174063742 437.0 2627
1755174064041 438.0 2633
1755174064271 438.0 2633
1755174064435 439.0 2636
1755174064599 439.0 2639
1755174064885 439.0 2639
1755174065063 440.0 2645
1755174065088 440.0 2645
1755174065276 440.0 2645
1755174065487 441.0 2651
1755174065599 441.0 2651
1755174065691 442.0 2654
1755174065824 442.0 2657
1755174065942 442.0 2657
1755174066131 443.0 2663
1755174066167 443.0 2663
1755174066295 443.0 2663
1755174066484 444.0 2669
1755174066623 444.0 2669
1755174066771 445.0 2672
1755174066920 445.0 2675
1755174067089 445.0 2675
1755174067263 446.0 2681
1755174067283 446.0 2681
1755174067396 446.0 2681
1755174067650 447.0 2687
1755174067749 447.0 2687
1755174067886 448.0 2690
1755174067998 448.0 2693
1755174068277 448.0 2693
1755174068455 449.0 2699
1755174068485 449.0 2699
1755174068677 449.0 2699
1755174068873 450.0 2705
1755174068981 450.0 2705
1755174069084 451.0 2708
1755174069187 451.0 2711
1755174069366 451.0 2711
1755174069544 452.0 2717
1755174069565 452.0 2717
1755174069759 452.0 2717
1755174069953 453.0 2723
1755174070081 453.0 2723
1755174070198 454.0 2726
1755174070315 454.0 2729
1755174070495 454.0 2729
1755174070765 455.0 2735
1755174070797 455.0 2735
1755174070915 455.0 2735
1755174071209 456.0 2741
1755174071326 456.0 2741
1755174071432 457.0 2744
1755174071544 457.0 2747
1755174071673 457.0 2747
1755174071833 458.0 2753
1755174071866 458.0 2753
1755174071963 458.0 2753
1755174072156 459.0 2759
1755174072278 459.0 2759
1755174072376 460.0 2762
1755174072483 460.0 2765
1755174072601 460.0 2765
1755174072784 461.0 2771
1755174072826 461.0 2771
1755174073004 461.0 2771
1755174073198 462.0 2777
1755174073321 462.0 2777
1755174073407 463.0 2780
1755174073536 463.0 2783
1755174073652 463.0 2783
1755174073917 464.0 2789
1755174073954 464.0 2789
1755174074092 464.0 2789
1755174074420 465.0 2795
1755174074543 465.0 2795
1755174074684 466.0 2798
1755174074839 466.0 2801
1755174074942 466.0 2801
1755174075110 467.0 2807
1755174075130 467.0 2807
1755174075262 467.0 2807
1755174075476 468.0 2813
1755174075604 468.0 2813
1755174075697 469.0 2816
1755174075804 469.0 2819
1755174075932 469.0 2819
1755174076111 470.0 2825
1755174076147 470.0 2825
1755174076251 470.0 2825
1755174076414 471.0 2831
1755174076522 471.0 2831
1755174076658 472.0 2834
1755174076774 472.0 2837
1755174076887 472.0 2837
1755174077067 473.0 2843
1755174077087 473.0 2843
1755174077194 473.0 2843
1755174077379 474.0 2849
1755174077486 474.0 2849
1755174077578 475.0 2852
1755174078651 475.0 2855
1755174078793 475.0 2855
1755174079067 476.0 2861
1755174079108 476.0 2861
1755174079240 476.0 2861
1755174079515 477.0 2867
1755174079622 477.0 2867
1755174079728 478.0 2870
1755174079840 478.0 2873
1755174079957 478.0 2873
1755174080131 479.0 2879
1755174080152 479.0 2879
1755174080345 479.0 2879
1755174080534 480.0 2885
1755174080656 480.0 2885
1755174080758 481.0 2888
1755174080887 481.0 2891
1755174081037 481.0 2891
1755174081224 482.0 2897
1755174081249 482.0 2897
1755174081361 482.0 2897
1755174081649 483.0 2903
1755174081777 483.0 2903
1755174081910 484.0 2906
1755174082068 484.0 2909
1755174082295 484.0 2909
1755174082469 485.0 2915
1755174082511 485.0 2915
1755174082609 485.0 2915
1755174082802 486.0 2921
1755174082924 486.0 2921
1755174083010 487.0 2924
1755174083137 487.0 2927
1755174083255 487.0 2927
1755174083438 488.0 2933
1755174083464 488.0 2933
1755174083699 488.0 2933
1755174083888 489.0 2939
1755174083990 489.0 2939
1755174084087 490.0 2942
1755174084201 490.0 2945
1755174084308 490.0 2945
1755174084477 491.0 2951
1755174084508 491.0 2951
1755174084624 491.0 2951
1755174084824 492.0 2957
1755174084927 492.0 2957
1755174085015 493.0 2960
1755174085136 493.0 2963
1755174085254 493.0 2963
1755174085448 494.0 2969
1755174085478 494.0 2969
1755174085602 494.0 2969
1755174085801 495.0 2975
1755174085914 495.0 2975
1755174086016 496.0 2978
1755174086145 496.0 2981
1755174086274 496.0 2981
1755174086531 497.0 2987
1755174086578 497.0 2987
1755174086678 497.0 2987
1755174086965 498.0 2993
1755174087072 498.0 2993
1755174087215 499.0 2996
1755174087379 499.0 2999
1755174087493 499.0 2999
1755174087776 500.0 3005
1755174087801 500.0 3005
1755174087910 500.0 3005
1755174088099 501.0 3011
1755174088282 501.0 3011
1755174088375 502.0 3014
1755174088491 502.0 3017
1755174088603 502.0 3017
1755174088774 503.0 3023
1755174088806 503.0 3023
1755174088924 503.0 3023
1755174089132 504.0 3029
1755174089254 504.0 3029
1755174089356 505.0 3032
1755174089459 505.0 3035
1755174089572 505.0 3035
1755174089832 506.0 3041
1755174089862 506.0 3041
1755174090092 506.0 3041
1755174090388 507.0 3047
1755174090501 507.0 3047
1755174090588 508.0 3050
1755174090697 508.0 3053
1755174090788 508.0 3053
1755174090979 509.0 3059
1755174091005 509.0 3059
1755174091114 509.0 3059
1755174091308 510.0 3065
1755174091410 510.0 3065
1755174091508 511.0 3068
1755174091609 511.0 3071
1755174091724 511.0 3071
1755174091918 512.0 3077
1755174091950 512.0 3077
1755174092062 512.0 3077
1755174092259 513.0 3083
1755174092362 513.0 3083
1755174092465 514.0 3086
1755174092567 514.0 3089
1755174092679 514.0 3089
1755174092846 515.0 3095
1755174092882 515.0 3095
1755174092991 515.0 3095
1755174093217 516.0 3101
1755174093343 516.0 3101
1755174093487 517.0 3104
1755174093640 517.0 3107
1755174093753 517.0 3107
1755174094017 518.0 3113
1755174094057 518.0 3113
1755174094169 518.0 3113
1755174094451 519.0 3119
1755174095271 519.0 3119
1755174095365 520.0 3122
1755174095463 520.0 3125
1755174095638 520.0 3125
1755174095811 521.0 3131
1755174095837 521.0 3131
1755174095940 521.0 3131
1755174096149 522.0 3137
1755174096280 522.0 3137
1755174096424 523.0 3140
1755174096587 523.0 3143
1755174096699 523.0 3143
1755174096960 524.0 3149
1755174097001 524.0 3149
1755174097113 524.0 3149
1755174097299 525.0 3155
1755174097406 525.0 3155
1755174097509 526.0 3158
1755174097606 526.0 3161
1755174097720 526.0 3161
1755174097895 527.0 3167
1755174097911 527.0 3167
1755174098035 527.0 3167
1755174098235 528.0 3173
1755174098347 528.0 3173
1755174098453 529.0 3176
1755174098550 529.0 3179
1755174098662 529.0 3179
1755174098841 530.0 3185
1755174098867 530.0 3185
1755174098973 530.0 3185
1755174099167 531.0 3191
1755174099361 531.0 3191
1755174099455 532.0 3194
1755174099571 532.0 3197
1755174099684 532.0 3197
1755174099895 533.0 3203
1755174099931 533.0 3203
1755174100071 533.0 3203
1755174100374 534.0 3209
1755174100516 534.0 3209
1755174100644 535.0 3212
1755174100798 535.0 3215
1755174100943 535.0 3215
1755174101216 536.0 3221
1755174101248 536.0 3221
1755174101345 536.0 3221
1755174101542 537.0 3227
1755174101644 537.0 3227
1755174101741 538.0 3230
1755174101838 538.0 3233
1755174101956 538.0 3233
1755174102126 539.0 3239
1755174102162 539.0 3239
1755174102275 539.0 3239
1755174102471 540.0 3245
1755174102609 540.0 3245
1755174102706 541.0 3248
1755174102808 541.0 3251
1755174102921 541.0 3251
1755174103111 542.0 3257
1755174103131 542.0 3257
1755174103310 542.0 3257
1755174103489 543.0 3263
1755174103606 543.0 3263
1755174103688 544.0 3266
1755174103801 544.0 3269
1755174103920 544.0 3269
1755174104087 545.0 3275
1755174104112 545.0 3275
1755174104301 545.0 3275
1755174104500 546.0 3281
1755174104626 546.0 3281
1755174104779 547.0 3284
1755174104943 547.0 3287
1755174105054 547.0 3287
1755174105316 548.0 3293
1755174105347 548.0 3293
1755174105463 548.0 3293
1755174105759 549.0 3299
1755174105886 549.0 3299
1755174106617 550.0 3302
1755174106764 550.0 3305
1755174106890 550.0 3305
1755174107152 551.0 3311
1755174107177 551.0 3311
1755174107293 551.0 3311
1755174107578 552.0 3317
1755174107692 552.0 3317
1755174107826 553.0 3320
1755174107989 553.0 3323
1755174108093 553.0 3323
1755174108267 554.0 3329
1755174108287 554.0 3329
1755174108390 554.0 3329
1755174108585 555.0 3335
1755174108693 555.0 3335
1755174108780 556.0 3338
1755174108882 556.0 3341
1755174109000 556.0 3341
1755174109182 557.0 3347
1755174109208 557.0 3347
1755174109316 557.0 3347
1755174109501 558.0 3353
1755174109611 558.0 3353
1755174109710 559.0 3356
1755174109825 559.0 3359
1755174109938 559.0 3359
1755174110148 560.0 3365
1755174110181 560.0 3365
1755174110299 560.0 3365
1755174110585 561.0 3371
1755174110693 561.0 3371
1755174110785 562.0 3374
1755174110904 562.0 3377
1755174111016 562.0 3377
1755174111189 563.0 3383
1755174111231 563.0 3383
1755174111332 563.0 3383
1755174111732 564.0 3389
1755174111840 564.0 3389
1755174111921 565.0 3392
1755174112044 565.0 3395
1755174112145 565.0 3395
1755174112324 566.0 3401
1755174112350 566.0 3401
1755174112458 566.0 3401
1755174112733 567.0 3407
1755174112845 567.0 3407
1755174112990 568.0 3410
1755174113138 568.0 3413
1755174113267 568.0 3413
1755174113533 569.0 3419
1755174113564 569.0 3419
1755174113671 569.0 3419
1755174113964 570.0 3425
1755174114077 570.0 3425
1755174114215 571.0 3428
1755174114384 571.0 3431
1755174114497 571.0 3431
1755174114761 572.0 3437
1755174114803 572.0 3437
1755174114907 572.0 3437
1755174115095 573.0 3443
1755174115208 573.0 3443
1755174115310 574.0 3446
1755174115417 574.0 3449
1755174115526 574.0 3449
1755174115700 575.0 3455
1755174115726 575.0 3455
1755174115834 575.0 3455
1755174116012 576.0 3461
1755174116124 576.0 3461
1755174116237 577.0 3464
1755174116350 577.0 3467
1755174116461 577.0 3467
1755174116627 578.0 3473
1755174116653 578.0 3473
1755174116790 578.0 3473
1755174117085 579.0 3479
1755174117187 579.0 3479
1755174117331 580.0 3482
1755174118111 580.0 3485
1755174118224 580.0 3485
1755174118471 581.0 3491
1755174118487 581.0 3491
1755174118590 581.0 3491
1755174118788 582.0 3497
1755174118901 582.0 3497
1755174119026 583.0 3500
1755174119142 583.0 3503
1755174119250 583.0 3503
1755174119418 584.0 3509
1755174119454 584.0 3509
1755174119560 584.0 3509
1755174119751 585.0 3515
1755174119853 585.0 3515
1755174119967 586.0 3518
1755174120080 586.0 3521
1755174120192 586.0 3521
1755174120379 587.0 3527
1755174120399 587.0 3527
1755174120511 587.0 3527
1755174120699 588.0 3533
1755174120811 588.0 3533
1755174120893 589.0 3536
1755174121001 589.0 3539
1755174121114 589.0 3539
1755174121294 590.0 3545
1755174121320 590.0 3545
1755174121431 590.0 3545
1755174121738 591.0 3551
1755174121866 591.0 3551
1755174122006 592.0 3554
1755174122176 592.0 3557
1755174122283 592.0 3557
1755174122544 593.0 3563
1755174122584 593.0 3563
1755174122687 593.0 3563
1755174122979 594.0 3569
1755174123138 594.0 3569
1755174123230 595.0 3572
1755174123332 595.0 3575
1755174123439 595.0 3575
1755174123603 596.0 3581
1755174123639 596.0 3581
1755174123777 596.0 3581
1755174123956 597.0 3587
1755174124058 597.0 3587
1755174124172 598.0 3590
1755174124300 598.0 3593
1755174124407 598.0 3593
1755174124577 599.0 3599
1755174124597 599.0 3599
1755174124710 599.0 3599
1755174124921 600.0 3605
1755174125043 600.0 3605
1755174125181 601.0 3608
1755174125343 601.0 3611
1755174125441 601.0 3611
1755174125722 602.0 3617
1755174125752 602.0 3617
1755174125854 602.0 3617
1755174126151 603.0 3623
1755174126270 603.0 3623
1755174126406 604.0 3626
1755174126562 604.0 3629
1755174126674 604.0 3629
1755174126929 605.0 3635
1755174126975 605.0 3635
1755174127078 605.0 3635
1755174127363 606.0 3641
1755174127468 606.0 3641
1755174127615 607.0 3644
1755174127775 607.0 3647
1755174127872 607.0 3647
1755174128139 608.0 3653
1755174128355 608.0 3653
1755174128456 608.0 3653
1755174128746 609.0 3659
1755174128854 609.0 3659
1755174128988 610.0 3662
1755174129152 610.0 3665
1755174129256 610.0 3665
1755174129523 611.0 3671
1755174129553 611.0 3671
1755174129666 611.0 3671
1755174129938 612.0 3677
1755174130042 612.0 3677
1755174130190 613.0 3680
1755174130354 613.0 3683
1755174130451 613.0 3683
1755174130722 614.0 3689
1755174130752 614.0 3689
1755174130970 614.0 3689
1755174131263 615.0 3695
1755174131361 615.0 3695
1755174131453 616.0 3698
1755174131555 616.0 3701
1755174131662 616.0 3701
1755174131847 617.0 3707
1755174131867 617.0 3707
1755174131973 617.0 3707
1755174132156 618.0 3713
1755174132264 618.0 3713
1755174132356 619.0 3716
1755174132464 619.0 3719
1755174132581 619.0 3719
1755174132756 620.0 3725
1755174132776 620.0 3725
1755174132951 620.0 3725
1755174133144 621.0 3731
1755174133261 621.0 3731
1755174133363 622.0 3734
1755174133465 622.0 3737
1755174133598 622.0 3737
1755174133786 623.0 3743
1755174133813 623.0 3743
1755174133930 623.0 3743
1755174134124 624.0 3749
1755174134232 624.0 3749
1755174134324 625.0 3752
1755174134446 625.0 3755
1755174134558 625.0 3755
1755174134740 626.0 3761
1755174134771 626.0 3761
1755174134882 626.0 3761
1755174135095 627.0 3767
1755174135207 627.0 3767
1755174135349 628.0 3770
1755174135508 628.0 3773
1755174135625 628.0 3773
1755174135875 629.0 3779
1755174135906 629.0 3779
1755174136019 629.0 3779
1755174136224 630.0 3785
1755174136337 630.0 3785
1755174136434 631.0 3788
1755174136541 631.0 3791
1755174136660 631.0 3791
1755174136829 632.0 3797
1755174136861 632.0 3797
1755174136989 632.0 3797
1755174137184 633.0 3803
1755174137286 633.0 3803
1755174137491 634.0 3806
1755174137599 634.0 3809
1755174137712 634.0 3809
1755174137962 635.0 3815
1755174138003 635.0 3815
1755174138122 635.0 3815
1755174138399 636.0 3821
1755174138614 636.0 3821
1755174138710 637.0 3824
1755174138814 637.0 3827
1755174138911 637.0 3827
1755174139095 638.0 3833
1755174139125 638.0 3833
1755174139233 638.0 3833
1755174139422 639.0 3839
1755174139652 639.0 3839
1755174139749 640.0 3842
1755174139854 640.0 3845
1755174140048 640.0 3845
1755174140259 641.0 3851
1755174140295 641.0 3851
1755174140438 641.0 3851
1755174140642 642.0 3857
1755174140779 642.0 3857
1755174140948 643.0 3860
1755174141139 643.0 3863
1755174141283 643.0 3863
1755174141558 644.0 3869
1755174141584 644.0 3869
1755174141908 644.0 3869
1755174142214 645.0 3875
1755174142980 645.0 3875
1755174143125 646.0 3878
1755174143275 646.0 3881
1755174143527 646.0 3881
1755174143787 647.0 3887
1755174143813 647.0 3887
1755174143926 647.0 3887
1755174144101 648.0 3893
1755174144214 648.0 3893
1755174144296 649.0 3896
1755174144404 649.0 3899
1755174144513 649.0 3899
1755174144671 650.0 3905
1755174144697 650.0 3905
1755174144800 650.0 3905
1755174144989 651.0 3911
1755174145102 651.0 3911
1755174145204 652.0 3914
1755174145302 652.0 3917
1755174145413 652.0 3917
1755174145613 653.0 3923
1755174145644 653.0 3923
1755174145752 653.0 3923
1755174145936 654.0 3929
1755174146060 654.0 3929
1755174146157 655.0 3932
1755174146270 655.0 3935
1755174146382 655.0 3935
1755174146576 656.0 3941
1755174146600 656.0 3941
1755174146722 656.0 3941
1755174146907 657.0 3947
1755174147023 657.0 3947
1755174147125 658.0 3950
1755174147233 658.0 3953
1755174147344 658.0 3953
1755174147524 659.0 3959
1755174147544 659.0 3959
1755174147666 659.0 3959
1755174147856 660.0 3965
1755174147989 660.0 3965
1755174148122 661.0 3968
1755174148308 661.0 3971
1755174148423 661.0 3971
1755174148670 662.0 3977
1755174148809 662.0 3977
1755174148920 662.0 3977
1755174149092 663.0 3983
1755174149210 663.0 3983
1755174149297 664.0 3986
1755174149401 664.0 3989
1755174149508 664.0 3989
1755174149672 665.0 3995
1755174149708 665.0 3995
1755174149914 665.0 3995
1755174150093 666.0 4001
1755174150205 666.0 4001
1755174150297 667.0 4004
1755174150410 667.0 4007
1755174151794 667.0 4007
1755174152074 668.0 4013
1755174152106 668.0 4013
1755174152218 668.0 4013
1755174152507 669.0 4019
1755174152608 669.0 4019
1755174152741 670.0 4022
1755174152874 670.0 4025
1755174152972 670.0 4025
1755174153133 671.0 4031
1755174153159 671.0 4031
1755174153268 671.0 4031
1755174153443 672.0 4037
1755174153550 672.0 4037
1755174153638 673.0 4040
1755174153736 673.0 4043
1755174153843 673.0 4043
1755174154022 674.0 4049
1755174154052 674.0 4049
1755174154158 674.0 4049
1755174154349 675.0 4055
1755174154461 675.0 4055
1755174154563 676.0 4058
1755174154669 676.0 4061
1755174154785 676.0 4061
1755174154958 677.0 4067
1755174154991 677.0 4067
1755174155169 677.0 4067
1755174155352 678.0 4073
1755174155475 678.0 4073
1755174155579 679.0 4076
1755174155687 679.0 4079
1755174155810 679.0 4079
1755174156009 680.0 4085
1755174156045 680.0 4085
1755174156162 680.0 4085
1755174156386 681.0 4091
1755174156489 681.0 4091
1755174156582 682.0 4094
1755174156700 682.0 4097
1755174156842 682.0 4097
1755174157153 683.0 4103
1755174157193 683.0 4103
1755174157341 683.0 4103
1755174157666 684.0 4109
1755174157773 684.0 4109
1755174157917 685.0 4112
1755174158087 685.0 4115
1755174158199 685.0 4115
1755174158474 686.0 4121
1755174158495 686.0 4121
1755174158607 686.0 4121
1755174158781 687.0 4127
1755174158889 687.0 4127
1755174159006 688.0 4130
1755174159134 688.0 4133
1755174159271 688.0 4133
1755174159456 689.0 4139
1755174159482 689.0 4139
1755174159616 689.0 4139
1755174159805 690.0 4145
1755174159923 690.0 4145
1755174160014 691.0 4148
1755174160246 691.0 4151
1755174160364 691.0 4151
1755174160669 692.0 4157
1755174160694 692.0 4157
1755174160803 692.0 4157
1755174161077 693.0 4163
1755174161183 693.0 4163
1755174161278 694.0 4166
1755174161392 694.0 4169
1755174161523 694.0 4169
1755174162226 695.0 4175
1755174162247 695.0 4175
1755174162360 695.0 4175
1755174162529 696.0 4181
1755174162647 696.0 4181
1755174162739 697.0 4184
1755174162849 697.0 4187
1755174162968 697.0 4187
1755174163231 698.0 4193
1755174163261 698.0 4193
1755174163379 698.0 4193
1755174163562 699.0 4199
1755174163670 699.0 4199
1755174163758 700.0 4202
1755174163864 700.0 4205
1755174163967 700.0 4205
1755174164147 701.0 4211
1755174164173 701.0 4211
1755174164282 701.0 4211
1755174164459 702.0 4217
1755174164566 702.0 4217
1755174164666 703.0 4220
1755174164892 703.0 4223
1755174164989 703.0 4223
1755174165247 704.0 4229
1755174165266 704.0 4229
1755174165388 704.0 4229
1755174165576 705.0 4235
1755174165694 705.0 4235
1755174165787 706.0 4238
1755174165885 706.0 4241
1755174165988 706.0 4241
1755174166157 707.0 4247
1755174166183 707.0 4247
1755174166301 707.0 4247
1755174166488 708.0 4253
1755174166595 708.0 4253
1755174166686 709.0 4256
1755174166789 709.0 4259
1755174166908 709.0 4259
1755174167102 710.0 4265
1755174167134 710.0 4265
1755174167246 710.0 4265
1755174167439 711.0 4271
1755174167560 711.0 4271
1755174167646 712.0 4274
1755174167766 712.0 4277
1755174167882 712.0 4277
1755174168068 713.0 4283
1755174168088 713.0 4283
1755174168212 713.0 4283
1755174168483 714.0 4289
1755174168607 714.0 4289
1755174168740 715.0 4292
1755174168874 715.0 4295
1755174168981 715.0 4295
1755174169168 716.0 4301
1755174169189 716.0 4301
1755174169312 716.0 4301
1755174169500 717.0 4307
1755174169602 717.0 4307
1755174169689 718.0 4310
1755174169796 718.0 4313
1755174169910 718.0 4313
1755174170072 719.0 4319
1755174170104 719.0 4319
1755174170224 719.0 4319
1755174170413 720.0 4325
1755174170531 720.0 4325
1755174170612 721.0 4328
1755174170791 721.0 4331
1755174170991 721.0 4331
1755174171260 722.0 4337
1755174171290 722.0 4337
1755174171413 722.0 4337
1755174171599 723.0 4343
1755174171707 723.0 4343
1755174171865 724.0 4346
1755174172024 724.0 4349
1755174172132 724.0 4349
1755174172301 725.0 4355
1755174172331 725.0 4355
1755174172459 725.0 4355
1755174172666 726.0 4361
1755174172774 726.0 4361
1755174172866 727.0 4364
1755174172978 727.0 4367
1755174173155 727.0 4367
1755174173315 728.0 4373
1755174173348 728.0 4373
1755174173468 728.0 4373
1755174173651 729.0 4379
1755174173769 729.0 4379
1755174173856 730.0 4382
1755174173963 730.0 4385
1755174174070 730.0 4385
1755174174240 731.0 4391
1755174174265 731.0 4391
1755174174388 731.0 4391
1755174174573 732.0 4397
1755174174686 732.0 4397
1755174174788 733.0 4400
1755174174886 733.0 4403
1755174175008 733.0 4403
1755174175190 734.0 4409
1755174175222 734.0 4409
1755174175336 734.0 4409
1755174175586 735.0 4415
1755174175704 735.0 4415
1755174175847 736.0 4418
1755174176000 736.0 4421
1755174176192 736.0 4421
1755174176469 737.0 4427
1755174176485 737.0 4427
1755174176599 737.0 4427
1755174176783 738.0 4433
1755174176892 738.0 4433
1755174176982 739.0 4436
1755174177091 739.0 4439
1755174177215 739.0 4439
1755174177385 740.0 4445
1755174177410 740.0 4445
1755174177529 740.0 4445
1755174177720 741.0 4451
1755174177832 741.0 4451
1755174177924 742.0 4454
1755174178032 742.0 4457
1755174178149 742.0 4457
1755174178421 743.0 4463
1755174178451 743.0 4463
1755174178555 743.0 4463
1755174178737 744.0 4469
1755174178849 744.0 4469
1755174178942 745.0 4472
1755174179039 745.0 4475
1755174179150 745.0 4475
1755174179343 746.0 4481
1755174179360 746.0 4481
1755174179478 746.0 4481
1755174179672 747.0 4487
1755174179778 747.0 4487
1755174179884 748.0 4490
1755174180001 748.0 4493
1755174180106 748.0 4493
1755174180324 749.0 4499
1755174180356 749.0 4499
1755174180486 749.0 4499
1755174180678 750.0 4505
1755174180789 750.0 4505
1755174180887 751.0 4508
1755174180994 751.0 4511
1755174181103 751.0 4511
1755174181278 752.0 4517
1755174181304 752.0 4517
1755174181421 752.0 4517
1755174181718 753.0 4523
1755174181836 753.0 4523
1755174181967 754.0 4526
1755174182127 754.0 4529
1755174182337 754.0 4529
1755174182615 755.0 4535
1755174182641 755.0 4535
1755174182744 755.0 4535
1755174182924 756.0 4541
1755174183033 756.0 4541
1755174183120 757.0 4544
1755174183223 757.0 4547
1755174183342 757.0 4547
1755174183502 758.0 4553
1755174183532 758.0 4553
1755174183659 758.0 4553
1755174183838 759.0 4559
1755174183951 759.0 4559
1755174184044 760.0 4562
1755174184146 760.0 4565
1755174184892 760.0 4565
1755174185185 761.0 4571
1755174185215 761.0 4571
1755174185330 761.0 4571
1755174185615 762.0 4577
1755174185724 762.0 4577
1755174185815 763.0 4580
1755174185919 763.0 4583
1755174186027 763.0 4583
1755174186191 764.0 4589
1755174186217 764.0 4589
1755174186335 764.0 4589
1755174186530 765.0 4595
1755174186648 765.0 4595
1755174186748 766.0 4598
1755174186857 766.0 4601
1755174186964 766.0 4601
1755174187149 767.0 4607
1755174187181 767.0 4607
1755174187288 767.0 4607
1755174187523 768.0 4613
1755174187642 768.0 4613
1755174187776 769.0 4616
1755174187941 769.0 4619
1755174188031 769.0 4619
1755174188306 770.0 4625
1755174188324 770.0 4625
1755174188448 770.0 4625
1755174188721 771.0 4631
1755174188839 771.0 4631
1755174188988 772.0 4634
1755174189142 772.0 4637
1755174189256 772.0 4637
1755174189533 773.0 4643
1755174189568 773.0 4643
1755174189677 773.0 4643
1755174189959 774.0 4649
1755174190067 774.0 4649
1755174190170 775.0 4652
1755174190268 775.0 4655
1755174190376 775.0 4655
1755174190541 776.0 4661
1755174190577 776.0 4661
1755174190674 776.0 4661
1755174190864 777.0 4667
1755174190984 777.0 4667
1755174191081 778.0 4670
1755174191178 778.0 4673
1755174191275 778.0 4673
1755174191455 779.0 4679
1755174191485 779.0 4679
1755174191598 779.0 4679
1755174191776 780.0 4685
1755174191892 780.0 4685
1755174191988 781.0 4688
1755174192085 781.0 4691
1755174192203 781.0 4691
1755174192373 782.0 4697
1755174192521 782.0 4697
1755174192613 782.0 4697
1755174192807 783.0 4703
1755174192931 783.0 4703
1755174193065 784.0 4706
1755174193245 784.0 4709
1755174193362 784.0 4709
1755174193625 785.0 4715
1755174193645 785.0 4715
1755174193763 785.0 4715
1755174193946 786.0 4721
1755174194045 786.0 4721
1755174194141 787.0 4724
1755174194263 787.0 4727
1755174194375 787.0 4727
1755174194568 788.0 4733
1755174194584 788.0 4733
1755174194696 788.0 4733
1755174194880 789.0 4739
1755174195002 789.0 4739
1755174195709 790.0 4742
1755174195807 790.0 4745
1755174195915 790.0 4745
1755174196086 791.0 4751
1755174196102 791.0 4751
1755174196215 791.0 4751
1755174196405 792.0 4757
1755174196519 792.0 4757
1755174196669 793.0 4760
1755174196829 793.0 4763
1755174196931 793.0 4763
1755174197199 794.0 4769
1755174197231 794.0 4769
1755174197358 794.0 4769
1755174197642 795.0 4775
1755174197735 795.0 4775
1755174197817 796.0 4778
1755174197935 796.0 4781
1755174198043 796.0 4781
1755174198208 797.0 4787
1755174198238 797.0 4787
1755174198350 797.0 4787
1755174198535 798.0 4793
1755174198642 798.0 4793
1755174198753 799.0 4796
1755174198856 799.0 4799
1755174198974 799.0 4799
1755174199151 800.0 4805
1755174199186 800.0 4805
1755174199423 800.0 4805
1755174199728 801.0 4811
1755174199835 801.0 4811
1755174199980 802.0 4814
1755174200139 802.0 4817
1755174200349 802.0 4817
1755174200610 803.0 4823
1755174200646 803.0 4823
1755174200749 803.0 4823
1755174200935 804.0 4829
1755174201043 804.0 4829
1755174201130 805.0 4832
1755174201242 805.0 4835
1755174201354 805.0 4835
1755174201534 806.0 4841
1755174201560 806.0 4841
1755174201687 806.0 4841
1755174201901 807.0 4847
1755174202108 807.0 4847
1755174202190 808.0 4850
1755174202304 808.0 4853
1755174202415 808.0 4853
1755174202678 809.0 4859
1755174202714 809.0 4859
1755174202817 809.0 4859
1755174203077 810.0 4865
1755174203188 810.0 4865
1755174203269 811.0 4868
1755174203382 811.0 4871
1755174203508 811.0 4871
1755174203678 812.0 4877
1755174203703 812.0 4877
1755174203812 812.0 4877
1755174204045 813.0 4883
1755174204170 813.0 4883
1755174204257 814.0 4886
1755174204380 814.0 4889
1755174204478 814.0 4889
1755174204653 815.0 4895
1755174204673 815.0 4895
1755174204786 815.0 4895
1755174205061 816.0 4901
1755174205179 816.0 4901
1755174205313 817.0 4904
1755174205451 817.0 4907
1755174205559 817.0 4907
1755174205739 818.0 4913
1755174205765 818.0 4913
1755174205873 818.0 4913
1755174206092 819.0 4919
1755174206204 819.0 4919
1755174206317 820.0 4922
1755174206433 820.0 4925
1755174206546 820.0 4925
1755174206738 821.0 4931
1755174207289 821.0 4931
1755174207406 821.0 4931
1755174207678 822.0 4937
1755174207802 822.0 4937
1755174207940 823.0 4940
1755174208077 823.0 4943
1755174208195 823.0 4943
1755174208363 824.0 4949
1755174208389 824.0 4949
1755174208503 824.0 4949
1755174208682 825.0 4955
1755174208797 825.0 4955
1755174208894 826.0 4958
1755174209002 826.0 4961
1755174209098 826.0 4961
1755174209291 827.0 4967
1755174209318 827.0 4967
1755174209430 827.0 4967
1755174209625 828.0 4973
1755174209731 828.0 4973
1755174209814 829.0 4976
1755174209931 829.0 4979
1755174210043 829.0 4979
1755174210217 830.0 4985
1755174210253 830.0 4985
1755174210380 830.0 4985
1755174210579 831.0 4991
1755174210696 831.0 4991
1755174210792 832.0 4994
1755174210895 832.0 4997
1755174211009 832.0 4997
1755174211212 833.0 5003
1755174211234 833.0 5003
1755174211363 833.0 5003
1755174211552 834.0 5009
1755174211670 834.0 5009
1755174211758 835.0 5012
1755174211866 835.0 5015
1755174211989 835.0 5015
1755174212239 836.0 5021
1755174212272 836.0 5021
1755174212400 836.0 5021
1755174212673 837.0 5027
1755174212791 837.0 5027
1755174212879 838.0 5030
1755174212985 838.0 5033
1755174213103 838.0 5033
1755174213275 839.0 5039
1755174213306 839.0 5039
1755174213413 839.0 5039
1755174213622 840.0 5045
1755174213825 840.0 5045
1755174213923 841.0 5048
1755174214034 841.0 5051
1755174214141 841.0 5051
1755174214316 842.0 5057
1755174214346 842.0 5057
1755174214459 842.0 5057
1755174214755 843.0 5063
1755174214868 843.0 5063
1755174215006 844.0 5066
1755174215171 844.0 5069
1755174215279 844.0 5069
1755174215457 845.0 5075
1755174215483 845.0 5075
1755174215590 845.0 5075
1755174215786 846.0 5081
1755174215888 846.0 5081
1755174215996 847.0 5084
1755174216098 847.0 5087
1755174216210 847.0 5087
1755174216389 848.0 5093
1755174216430 848.0 5093
1755174216649 848.0 5093
1755174216858 849.0 5099
1755174216981 849.0 5099
1755174217079 850.0 5102
1755174217185 850.0 5105
1755174217299 850.0 5105
1755174217513 851.0 5111
1755174217544 851.0 5111
1755174217667 851.0 5111
1755174217963 852.0 5117
1755174218088 852.0 5117
1755174218185 853.0 5120
1755174218288 853.0 5123
1755174218416 853.0 5123
1755174218614 854.0 5129
1755174218640 854.0 5129
1755174218750 854.0 5129
1755174218931 855.0 5135
1755174219063 855.0 5135
1755174219160 856.0 5138
1755174219268 856.0 5141
1755174219385 856.0 5141
1755174219553 857.0 5147
1755174219584 857.0 5147
1755174219695 857.0 5147
1755174219941 858.0 5153
1755174220059 858.0 5153
1755174220203 859.0 5156
1755174220367 859.0 5159
1755174220464 859.0 5159
1755174220634 860.0 5165
1755174220654 860.0 5165
1755174220762 860.0 5165
1755174220963 861.0 5171
1755174221078 861.0 5171
1755174221238 862.0 5174
1755174221400 862.0 5177
1755174221510 862.0 5177
1755174221688 863.0 5183
1755174221704 863.0 5183
1755174221822 863.0 5183
1755174222000 864.0 5189
1755174222108 864.0 5189
1755174222206 865.0 5192
1755174222314 865.0 5195
1755174222415 865.0 5195
1755174222585 866.0 5201
1755174222605 866.0 5201
1755174222713 866.0 5201
1755174222903 867.0 5207
1755174223014 867.0 5207
1755174223122 868.0 5210
1755174223258 868.0 5213
1755174223385 868.0 5213
1755174223663 869.0 5219
1755174223693 869.0 5219
1755174223806 869.0 5219
1755174224073 870.0 5225
1755174224185 870.0 5225
1755174224265 871.0 5228
1755174224379 871.0 5231
1755174224493 871.0 5231
1755174224647 872.0 5237
1755174224684 872.0 5237
1755174224797 872.0 5237
1755174224977 873.0 5243
1755174225095 873.0 5243
1755174225233 874.0 5246
1755174225345 874.0 5249
1755174225467 874.0 5249
1755174225636 875.0 5255
1755174225667 875.0 5255
1755174225779 875.0 5255
1755174225967 876.0 5261
1755174226090 876.0 5261
1755174226183 877.0 5264
1755174226287 877.0 5267
1755174226399 877.0 5267
1755174226640 878.0 5273
1755174226676 878.0 5273
1755174226813 878.0 5273
1755174227008 879.0 5279
1755174227104 879.0 5279
1755174227312 880.0 5282
1755174227425 880.0 5285
1755174227521 880.0 5285
1755174227724 881.0 5291
1755174227745 881.0 5291
1755174227858 881.0 5291
1755174228033 882.0 5297
1755174228136 882.0 5297
1755174228233 883.0 5300
1755174228340 883.0 5303
1755174228479 883.0 5303
1755174228659 884.0 5309
1755174228689 884.0 5309
1755174228808 884.0 5309
1755174229018 885.0 5315
1755174229126 885.0 5315
1755174229218 886.0 5318
1755174229322 886.0 5321
1755174229444 886.0 5321
1755174229623 887.0 5327
1755174229643 887.0 5327
1755174229769 887.0 5327
1755174229974 888.0 5333
1755174230087 888.0 5333
1755174230189 889.0 5336
1755174230297 889.0 5339
1755174230415 889.0 5339
1755174230590 890.0 5345
1755174230615 890.0 5345
1755174230730 890.0 5345
1755174230925 891.0 5351
1755174231043 891.0 5351
1755174231140 892.0 5354
1755174231272 892.0 5357
1755174231389 892.0 5357
1755174231667 893.0 5363
1755174231827 893.0 5363
1755174231934 893.0 5363
1755174232231 894.0 5369
1755174232340 894.0 5369
1755174232432 895.0 5372
1755174232530 895.0 5375
1755174232643 895.0 5375
1755174232833 896.0 5381
1755174232878 896.0 5381
1755174233001 896.0 5381
1755174233207 897.0 5387
1755174233309 897.0 5387
1755174233426 898.0 5390
1755174233539 898.0 5393
1755174233645 898.0 5393
1755174233815 899.0 5399
1755174233841 899.0 5399
1755174233963 899.0 5399
1755174234224 900.0 5405
1755174234356 900.0 5405
1755174234458 901.0 5408
1755174234571 901.0 5411
1755174234790 901.0 5411
1755174234964 902.0 5417
1755174234984 902.0 5417
1755174235092 902.0 5417
1755174235277 903.0 5423
1755174235473 903.0 5423
1755174235580 904.0 5426
1755174235688 904.0 5429
1755174235816 904.0 5429
1755174235990 905.0 5435
1755174236020 905.0 5435
1755174236128 905.0 5435
1755174236339 906.0 5441
1755174236469 906.0 5441
1755174236575 907.0 5444
1755174236687 907.0 5447
1755174236804 907.0 5447
1755174236986 908.0 5453
1755174237022 908.0 5453
1755174237149 908.0 5453
1755174237405 909.0 5459
1755174237514 909.0 5459
1755174237656 910.0 5462
1755174237825 910.0 5465
1755174237931 910.0 5465
1755174238205 911.0 5471
1755174238231 911.0 5471
1755174238343 911.0 5471
1755174238528 912.0 5477
1755174238636 912.0 5477
1755174238763 913.0 5480
1755174238870 913.0 5483
1755174239086 913.0 5483
1755174239262 914.0 5489
1755174239294 914.0 5489
1755174239392 914.0 5489
1755174239590 915.0 5495
1755174239702 915.0 5495
1755174239788 916.0 5498
1755174239907 916.0 5501
1755174240014 916.0 5501
1755174240267 917.0 5507
1755174240297 917.0 5507
1755174240426 917.0 5507
1755174240636 918.0 5513
1755174240734 918.0 5513
1755174240830 919.0 5516
1755174240958 919.0 5519
1755174241071 919.0 5519
1755174241232 920.0 5525
1755174241264 920.0 5525
1755174241382 920.0 5525
1755174241606 921.0 5531
1755174241734 921.0 5531
1755174241841 922.0 5534
1755174241939 922.0 5537
1755174242056 922.0 5537
1755174242225 923.0 5543
1755174242258 923.0 5543
1755174242354 923.0 5543
1755174242579 924.0 5549
1755174242696 924.0 5549
1755174242801 925.0 5552
1755174242914 925.0 5555
1755174243032 925.0 5555
1755174243242 926.0 5561
1755174243272 926.0 5561
1755174243405 926.0 5561
1755174243687 927.0 5567
1755174243794 927.0 5567
1755174243942 928.0 5570
1755174244090 928.0 5573
1755174244209 928.0 5573
1755174244480 929.0 5579
1755174244512 929.0 5579
1755174244639 929.0 5579
1755174244924 930.0 5585
1755174245032 930.0 5585
1755174245185 931.0 5588
1755174245344 931.0 5591
1755174245458 931.0 5591
1755174245617 932.0 5597
1755174245658 932.0 5597
1755174245781 932.0 5597
1755174245956 933.0 5603
1755174246054 933.0 5603
1755174246156 934.0 5606
1755174246254 934.0 5609
1755174246372 934.0 5609
1755174246546 935.0 5615
1755174246577 935.0 5615
1755174246685 935.0 5615
1755174246870 936.0 5621
1755174246982 936.0 5621
1755174247070 937.0 5624
1755174247178 937.0 5627
1755174247286 937.0 5627
1755174247540 938.0 5633
1755174247572 938.0 5633
1755174247691 938.0 5633
1755174247985 939.0 5639
1755174248072 939.0 5639
1755174248175 940.0 5642
1755174248271 940.0 5645
1755174248507 940.0 5645
1755174248671 941.0 5651
1755174248702 941.0 5651
1755174248806 941.0 5651
1755174249004 942.0 5657
1755174249194 942.0 5657
1755174249297 943.0 5660
1755174249415 943.0 5663
1755174249538 943.0 5663
1755174249723 944.0 5669
1755174249763 944.0 5669
1755174249876 944.0 5669
1755174250173 945.0 5675
1755174250292 945.0 5675
1755174250435 946.0 5678
1755174250584 946.0 5681
1755174250688 946.0 5681
1755174250867 947.0 5687
1755174250898 947.0 5687
1755174251011 947.0 5687
1755174251198 948.0 5693
1755174251503 948.0 5693
1755174251583 949.0 5696
1755174251694 949.0 5699
1755174251790 949.0 5699
1755174251967 950.0 5705
1755174252000 950.0 5705
1755174252113 950.0 5705
1755174252305 951.0 5711
1755174252416 951.0 5711
1755174252519 952.0 5714
1755174252627 952.0 5717
1755174252750 952.0 5717
1755174252935 953.0 5723
1755174252965 953.0 5723
1755174253078 953.0 5723
1755174253259 954.0 5729
1755174253381 954.0 5729
1755174253483 955.0 5732
1755174253591 955.0 5735
1755174253709 955.0 5735
1755174253878 956.0 5741
1755174253898 956.0 5741
1755174254037 956.0 5741
1755174254332 957.0 5747
1755174254445 957.0 5747
1755174254597 958.0 5750
1755174254765 958.0 5753
1755174254876 958.0 5753
1755174255133 959.0 5759
1755174255173 959.0 5759
1755174255292 959.0 5759
1755174255563 960.0 5765
1755174255759 960.0 5765
1755174255847 961.0 5768
1755174255975 961.0 5771
1755174256088 961.0 5771
1755174256287 962.0 5777
1755174256317 962.0 5777
1755174256501 962.0 5777
1755174256689 963.0 5783
1755174256808 963.0 5783
1755174256915 964.0 5786
1755174257042 964.0 5789
1755174257176 964.0 5789
1755174257371 965.0 5795
1755174257397 965.0 5795
1755174257627 965.0 5795
1755174257913 966.0 5801
1755174258056 966.0 5801
1755174258209 967.0 5804
1755174258367 967.0 5807
1755174258475 967.0 5807
1755174258762 968.0 5813
1755174258808 968.0 5813
1755174258920 968.0 5813
1755174259202 969.0 5819
1755174259305 969.0 5819
1755174259396 970.0 5822
1755174259504 970.0 5825
1755174259621 970.0 5825
1755174259790 971.0 5831
1755174259816 971.0 5831
1755174259944 971.0 5831
1755174260124 972.0 5837
1755174260237 972.0 5837
1755174260335 973.0 5840
1755174260447 973.0 5843
1755174260552 973.0 5843
1755174260722 974.0 5849
1755174260753 974.0 5849
1755174260866 974.0 5849
1755174261081 975.0 5855
1755174261209 975.0 5855
1755174261306 976.0 5858
1755174261412 976.0 5861
1755174261495 976.0 5861
1755174261669 977.0 5867
1755174261699 977.0 5867
1755174262068 978.0 5873
1755174262165 978.0 5873
1755174262268 979.0 5876
1755174262390 979.0 5879
1755174262714 979.0 5879
1755174262877 980.0 5885
1755174262903 980.0 5885
1755174263155 981.0 5891
1755174263328 982.0 5894
1755174263440 982.0 5897
1755174263532 982.0 5897
1755174263706 983.0 5903
1755174263736 983.0 5903
1755174264182 984.0 5909
1755174264285 984.0 5909
1755174264387 985.0 5912
1755174264506 985.0 5915
1755174264787 986.0 5921
1755174264813 986.0 5921
1755174265105 987.0 5927
1755174265280 988.0 5930
1755174265408 988.0 5933
1755174265670 989.0 5939
1755174265690 989.0 5939
1755174265977 990.0 5945
1755174266147 991.0 5948
1755174266261 991.0 5951
1755174266549 992.0 5957
1755174266719 992.0 5957
1755174267109 993.0 5963
1755174267330 994.0 5966
1755174267480 994.0 5969
1755174267824 995.0 5975
1755174267845 995.0 5975
1755174268092 996.0 5981
1755174268277 997.0 5984
1755174268376 997.0 5987
1755174268642 998.0 5993
1755174268672 998.0 5993
1755174268943 999.0 5999
