1755173871381 5.849344932767213e-05 8
1755173871778 5.849334108261573e-05 17
1755173872371 5.849290810372551e-05 26
1755173872842 5.849258337096004e-05 35
1755173873426 5.8491717422794586e-05 44
1755173873862 5.849117620953125e-05 53
1755173874449 5.8489877311320286e-05 62
1755173874871 5.848911962957758e-05 71
1755173875575 5.848738781016519e-05 80
1755173876115 5.848641367676861e-05 89
1755173876747 5.848424897461256e-05 98
1755173877281 5.848305841119427e-05 107
1755173877957 5.8480460874365183e-05 116
1755173878442 5.8479053907363525e-05 125
1755173879215 5.847602359354376e-05 134
1755173879693 5.847440025420265e-05 143
1755173880506 5.847093723068507e-05 152
1755173882520 5.8469097555053274e-05 161
1755173883251 5.8465201898739775e-05 170
1755173883820 5.8463145927670195e-05 179
1755173884506 5.84588177250699e-05 188
1755173885157 5.845654550421862e-05 197
1755173886007 5.845178485144609e-05 206
1755173886523 5.84492964312713e-05 215
1755173888142 5.8444103434044293e-05 224
1755173888816 5.84413988698053e-05 233
1755173889713 5.843577364344247e-05 242
1755173890264 5.8432852995198325e-05 251
1755173890994 5.842679566461665e-05 260
1755173891583 5.842365899722495e-05 269
1755173892297 5.841716969693695e-05 278
1755173892821 5.841381708005234e-05 287
1755173893795 5.8406895954163104e-05 296
1755173894487 5.8403327462235675e-05 305
1755173895248 5.839597466443966e-05 314
1755173895783 5.839219037671337e-05 323
1755173896377 5.838440607029099e-05 332
1755173896795 5.8380406070801916e-05 341
1755173897655 5.837219042861591e-05 350
1755173898358 5.836797480619029e-05 359
1755173899351 5.835932801068188e-05 368
1755173899813 5.835489685893421e-05 377
1755173900454 5.8345819102119056e-05 386
1755173901200 5.834117251945003e-05 395
1755173901840 5.833166400291397e-05 404
1755173902429 5.8326802092508254e-05 413
1755173903265 5.83168630274028e-05 422
1755173903827 5.8311785897226716e-05 431
1755173904635 5.83014165042644e-05 440
1755173905292 5.8296124267063625e-05 449
1755173906139 5.8285324776513106e-05 458
1755173906718 5.8279817549810045e-05 467
1755173907405 5.826858820149096e-05 476
1755173907802 5.826286610758223e-05 485
1755173908439 5.825120715085984e-05 494
1755173909120 5.824527031681349e-05 503
1755173909983 5.823318201059324e-05 512
1755173910572 5.822703056824602e-05 521
1755173911273 5.82145131809677e-05 530
1755173911699 5.820814726692202e-05 539
1755173912315 5.819520107655386e-05 548
1755173912764 5.8188620832174826e-05 557
1755173913472 5.8175246126207303e-05 566
1755173914030 5.816845169761958e-05 575
1755173914732 5.815464877305902e-05 584
1755173915128 5.8147640311143535e-05 593
1755173915864 5.8133409474505505e-05 602
1755173916272 5.812618713489616e-05 611
1755173917191 5.811152870219876e-05 620
1755173917738 5.810409264527892e-05 629
1755173918637 5.808900694203563e-05 638
1755173919235 5.808135733293462e-05 647
1755173920152 5.8065844694147115e-05 656
1755173920635 5.805798170273652e-05 665
1755173922472 5.8042042472887306e-05 674
1755173923056 5.803396627377717e-05 683
1755173923822 5.8017600806821866e-05 692
1755173924335 5.800931157935686e-05 701
1755173925110 5.799252023871629e-05 710
1755173925692 5.798401816697171e-05 719
1755173926499 5.7966801325523975e-05 728
1755173927000 5.795808659830166e-05 737
1755173927712 5.7940444638373705e-05 746
1755173928320 5.793151744919785e-05 755
1755173929405 5.79134507625571e-05 764
1755173930056 5.7904311309669944e-05 773
1755173930753 5.788582029751549e-05 782
1755173931212 5.7876468783872926e-05 791
1755173931861 5.785755385682671e-05 800
1755173933017 5.784799049009377e-05 809
1755173933892 5.782865206819144e-05 818
1755173934564 5.781887706073768e-05 827
1755173935527 5.7799115573419216e-05 836
1755173936081 5.778912914231402e-05 845
1755173936911 5.777570435434465e-05 854
1755173937374 5.777570435434465e-05 863
1755173938105 5.7765553635699975e-05 872
1755173938668 5.7762154424391914e-05 881
1755173939611 5.7751909888235005e-05 890
1755173940247 5.774159501841169e-05 899
1755173941077 5.7731209840372875e-05 908
1755173941580 5.772075437974296e-05 917
1755173942514 5.770670448170848e-05 926
1755173943163 5.770317249863726e-05 935
1755173944319 5.768181680292663e-05 944
1755173944939 5.767103370077672e-05 953
1755173945863 5.76492571209188e-05 962
1755173946695 5.763826369694233e-05 971
1755173947635 5.761606671652026e-05 980
1755173948170 5.7604863214843477e-05 989
1755173948979 5.758224632677601e-05 998
1755173949538 5.757083299619024e-05 1007
1755173950336 5.7547796702720875e-05 1016
1755173950998 5.7536173796677034e-05 1025
1755173951861 5.7512718609362805e-05 1034
1755173952465 5.750088638596575e-05 1043
1755173953111 5.747701282566587e-05 1052
1755173953690 5.746497154766867e-05 1061
1755173954335 5.744068014453302e-05 1070
1755173955643 5.742843007933117e-05 1079
1755173956567 5.740372137278845e-05 1088
1755173957283 5.739126279241384e-05 1097
1755173958237 5.7366137331159634e-05 1106
1755173958687 5.7353470512274614e-05 1115
1755173959262 5.7327928854259236e-05 1124
1755173959731 5.7315054078150374e-05 1133
1755173960454 5.728909679056637e-05 1142
1755173960993 5.727601434313828e-05 1151
1755173961872 5.724964200240799e-05 1160
1755173962603 5.7236352174176925e-05 1169
1755173963462 5.720956536593951e-05 1178
1755173964100 5.719606845202696e-05 1187
1755173964988 5.716886777112553e-05 1196
1755173965701 5.7155164071251645e-05 1205
1755173967456 5.712755012172001e-05 1214
1755173968139 5.7113639940196944e-05 1223
1755173969041 5.708561333524617e-05 1232
1755173969635 5.707149698097131e-05 1241
1755173970394 5.7043058342976123e-05 1250
1755173971279 5.702873612942529e-05 1259
1755173971943 5.699988608991024e-05 1268
1755173972486 5.698535833513064e-05 1277
1755173973215 5.695609753475613e-05 1286
1755173973771 5.694136456135936e-05 1295
1755173974454 5.691169364990737e-05 1304
1755173975042 5.68967557850622e-05 1313
1755173975782 5.6866675421421884e-05 1322
1755173976301 5.685153299684703e-05 1331
1755173977287 5.682104384900003e-05 1340
1755173977971 5.6805697200956814e-05 1349
1755173978959 5.67747999459625e-05 1358
1755173979600 5.675924941524731e-05 1367
1755173980403 5.67279447392277e-05 1376
1755173981016 5.671219067116444e-05 1385
1755173981918 5.6680479269288975e-05 1394
1755173982402 5.666452201372147e-05 1403
1755173982960 5.663240459019155e-05 1412
1755173983356 5.6616244501475694e-05 1421
1755173984089 5.6583721769509133e-05 1430
1755173984735 5.6567359206505045e-05 1439
1755173985495 5.6534431888320115e-05 1448
1755173986006 5.651786721438416e-05 1457
1755173986780 5.6484536041183626e-05 1466
1755173987267 5.646776962416038e-05 1475
1755173988431 5.6434035336115214e-05 1484
1755173988840 5.641706754832929e-05 1493
1755173989438 5.638293089456228e-05 1502
1755173990039 5.6365762112810014e-05 1511
1755173990631 5.633122385137914e-05 1520
1755173991182 5.631385445692025e-05 1529
1755173991911 5.6278915354801775e-05 1538
1755173992320 5.6261345733350934e-05 1547
1755173992890 5.6226006566422434e-05 1556
1755173994211 5.620823710814065e-05 1565
1755173994871 5.617249866116376e-05 1574
1755173995275 5.6154529760649714e-05 1583
1755173995812 5.6118392827252715e-05 1592
1755173996221 5.610022488353405e-05 1601
1755173996894 5.6063690266194255e-05 1610
1755173997286 5.604532368271865e-05 1619
1755173997852 5.600839219274454e-05 1628
1755173998230 5.598982737737081e-05 1637
1755173998822 5.595249983488405e-05 1646
1755173999392 5.593373719987304e-05 1655
1755174000527 5.589601443379029e-05 1664
1755174001000 5.5877054395795736e-05 1673
1755174001686 5.583893724381019e-05 1682
1755174002056 5.5819780223869475e-05 1691
1755174002829 5.578126953243228e-05 1700
1755174003514 5.5761915955957115e-05 1709
1755174004077 5.572301258025861e-05 1718
1755174004471 5.570346287702549e-05 1727
1755174005066 5.5664167680976154e-05 1736
1755174005636 5.564442228511693e-05 1745
1755174006203 5.560473614132823e-05 1754
1755174006612 5.558479549132038e-05 1763
1755174007332 5.5544719281085426e-05 1772
1755174007901 5.5524583819742366e-05 1781
1755174008687 5.548411843301627e-05 1790
1755174009227 5.546378860747752e-05 1799
1755174009909 5.5422934942857656e-05 1808
1755174010275 5.540241120457889e-05 1817
1755174011555 5.536117016928497e-05 1826
1755174012019 5.534045297402798e-05 1835
1755174012684 5.5298825483881905e-05 1844
1755174013083 5.527791529170452e-05 1853
1755174013965 5.523590227111002e-05 1862
1755174014520 5.521479954635586e-05 1871
1755174015206 5.5172401928277945e-05 1880
1755174015678 5.5151107139566114e-05 1889
1755174016376 5.510832586551044e-05 1898
1755174016771 5.5086839485725124e-05 1907
1755174017289 5.504367550571696e-05 1916
1755174017684 5.502199801199695e-05 1925
1755174018603 5.497845228456022e-05 1934
1755174019144 5.4956584158288263e-05 1943
1755174019778 5.491265765042416e-05 1952
1755174020162 5.48905993772163e-05 1961
1755174020737 5.484629306438183e-05 1970
1755174021126 5.482404513407663e-05 1979
1755174022240 5.477936000016297e-05 1988
1755174022853 5.4756922906810635e-05 1997
1755174023491 5.471185994412131e-05 2006
1755174023884 5.468923418597268e-05 2015
1755174024386 5.464379439520147e-05 2024
1755174024776 5.462098047469701e-05 2033
1755174025342 5.4575164864905716e-05 2042
1755174025737 5.455216328866433e-05 2051
1755174026266 5.4505972877260476e-05 2060
1755174026726 5.448278415606825e-05 2069
1755174027484 5.4436219968782364e-05 2078
1755174028039 5.441284461758123e-05 2087
1755174028569 5.436590768844417e-05 2096
1755174029041 5.4342346226320463e-05 2105
1755174029588 5.429503759764035e-05 2114
1755174029983 5.4271290547813296e-05 2123
1755174030560 5.422361127015247e-05 2132
1755174030976 5.419967915996257e-05 2141
1755174031550 5.4151630292114186e-05 2150
1755174031941 5.41275136530115e-05 2159
1755174033004 5.407909626197603e-05 2168
1755174033466 5.4054795629508363e-05 2177
1755174034036 5.400601079046994e-05 2186
1755174034576 5.3981526704270954e-05 2195
1755174035233 5.3932375500573484e-05 2204
1755174035720 5.3907708504350706e-05 2213
1755174036355 5.385819202747376e-05 2222
1755174036752 5.383334266899656e-05 2231
1755174037519 5.378346201853118e-05 2240
1755174037980 5.375843084961855e-05 2249
1755174038642 5.370818713324284e-05 2258
1755174039041 5.368297470975114e-05 2267
1755174039643 5.3632369043205647e-05 2276
1755174040062 5.3606975925016305e-05 2285
1755174040683 5.355600943207924e-05 2294
1755174041114 5.353043618308628e-05 2303
1755174041786 5.347910999554858e-05 2312
1755174042464 5.345335718364611e-05 2321
1755174043043 5.3401672441286294e-05 2330
1755174043584 5.3375740638355905e-05 2339
1755174044277 5.332369848891475e-05 2348
1755174044782 5.329758827081282e-05 2357
1755174045424 5.3245189869967916e-05 2366
1755174046043 5.3218901816512794e-05 2375
1755174046888 5.3166148327852814e-05 2384
1755174047376 5.313968302281196e-05 2393
1755174047966 5.308657561781088e-05 2402
1755174048354 5.305993364888792e-05 2411
1755174049014 5.3006473506879004e-05 2420
1755174049461 5.297965546570064e-05 2429
1755174050333 5.292584377385021e-05 2438
1755174050855 5.2898850255953136e-05 2447
1755174051697 5.284468820923422e-05 2456
1755174052229 5.2817519814051835e-05 2465
1755174053000 5.276300861521766e-05 2474
1755174053465 5.273566594606681e-05 2483
1755174054232 5.2680806805624036e-05 2492
1755174054712 5.2653290469691586e-05 2501
1755174055382 5.2598084605873516e-05 2510
1755174056030 5.2570395214202856e-05 2519
1755174056710 5.251484385294228e-05 2528
1755174057309 5.248698202041982e-05 2537
1755174057863 5.2431086395321886e-05 2546
1755174058405 5.240305274066332e-05 2555
1755174058996 5.234681409297806e-05 2564
1755174059561 5.231860923871465e-05 2573
1755174060237 5.226202881730948e-05 2582
1755174060799 5.223365338977427e-05 2591
1755174061552 5.21767324511062e-05 2600
1755174061956 5.214818708042009e-05 2609
1755174062713 5.209092688850785e-05 2618
1755174063347 5.2062212208565563e-05 2627
1755174064379 5.2004614034961554e-05 2636
1755174065032 5.19757306834176e-05 2645
1755174065665 5.191779580717962e-05 2654
1755174066095 5.188874442543415e-05 2663
1755174066719 5.183047413309704e-05 2672
1755174067227 5.180125536628156e-05 2681
1755174067841 5.1742650951828546e-05 2690
1755174068419 5.1713265448791594e-05 2699
1755174069058 5.165432821362567e-05 2708
1755174069509 5.1624776626918454e-05 2717
1755174070157 5.156550787983336e-05 2726
1755174070716 5.153579086569522e-05 2735
1755174071400 5.147619192284648e-05 2744
1755174071801 5.144631014119034e-05 2753
1755174072350 5.1386382326065974e-05 2762
1755174072759 5.135633644046367e-05 2771
1755174073377 5.1296081083854825e-05 2780
1755174073885 5.126587176152238e-05 2789
1755174074644 5.120529020149379e-05 2798
1755174075080 5.1174918113276616e-05 2807
1755174075666 5.111401169513684e-05 2816
1755174076086 5.108347751549479e-05 2825
1755174076611 5.1022247591766425e-05 2834
1755174077031 5.099155199875885e-05 2843
1755174077542 5.0929999929148386e-05 2852
1755174079015 5.089914360441911e-05 2861
1755174079692 5.0837270755786824e-05 2870
1755174080101 5.080625438454893e-05 2879
1755174080728 5.0744062130878486e-05 2888
1755174081183 5.071288640189915e-05 2897
1755174081874 5.0650376124267126e-05 2906
1755174082443 5.061904172985233e-05 2915
1755174082980 5.055621481639751e-05 2924
1755174083408 5.052472245237663e-05 2933
1755174084057 5.046158029826915e-05 2942
1755174084456 5.0429930663979544e-05 2951
1755174084989 5.036647467139003e-05 2960
1755174085412 5.033466846966148e-05 2969
1755174085979 5.027090004772978e-05 2978
1755174086498 5.023893798486888e-05 2987
1755174087164 5.0174858549672874e-05 2996
1755174087729 5.014274133544738e-05 3005
1755174088339 5.0078352309971416e-05 3014
1755174088741 5.004608065759446e-05 3023
1755174089320 4.998138347169788e-05 3032
1755174089786 4.994895809781212e-05 3041
1755174090562 4.988395418819744e-05 3050
1755174090948 4.985137581285919e-05 3059
1755174091476 4.978606662304021e-05 3068
1755174091886 4.975333596970338e-05 3077
1755174092439 4.968772294997308e-05 3086
1755174092824 4.965484074547321e-05 3095
1755174093441 4.958892535287165e-05 3104
1755174093971 4.955589232740966e-05 3113
1755174095339 4.948967602569155e-05 3122
1755174095786 4.9456492912817586e-05 3131
1755174096382 4.938997717241978e-05 3140
1755174096920 4.935664470901692e-05 3149
1755174097477 4.9289831007025794e-05 3158
1755174097864 4.925634993329368e-05 3167
1755174098423 4.918923975341227e-05 3176
1755174098805 4.915561081285068e-05 3185
1755174099429 4.908820564536584e-05 3194
1755174099844 4.9054429584758155e-05 3203
1755174100608 4.898673092650738e-05 3212
1755174101168 4.895280849590398e-05 3221
1755174101715 4.888481785024218e-05 3230
1755174102091 4.8850749802943904e-05 3239
1755174102675 4.878246867971002e-05 3248
1755174103075 4.874825577225128e-05 3257
1755174103672 4.867968568773477e-05 3266
1755174104056 4.864532867986686e-05 3275
1755174104728 4.8576471156774034e-05 3284
1755174105270 4.854197081144821e-05 3293
1755174105983 4.8472827378868386e-05 3302
1755174107101 4.843818446221894e-05 3311
1755174107784 4.836875665559052e-05 3320
1755174108241 4.8333971936917755e-05 3329
1755174108754 4.82642612979941e-05 3338
1755174109156 4.8229335549747264e-05 3347
1755174109685 4.815934362656247e-05 3356
1755174110100 4.8124277624322615e-05 3365
1755174110759 4.805400597115712e-05 3374
1755174111169 4.8018800493619816e-05 3383
1755174111901 4.794825067096597e-05 3392
1755174112287 4.7912906499924093e-05 3401
1755174112941 4.7842080074451356e-05 3410
1755174113477 4.780659799477766e-05 3419
1755174114169 4.773549653929793e-05 3428
1755174114721 4.769987733892766e-05 3437
1755174115269 4.7628502432360296e-05 3446
1755174115664 4.759274690227368e-05 3455
1755174116204 4.752110012961047e-05 3464
1755174116602 4.748520906381515e-05 3473
1755174117285 4.741329201608507e-05 3482
1755174118435 4.7377266211598464e-05 3491
1755174118982 4.730508048583237e-05 3500
1755174119388 4.726892074266398e-05 3509
1755174119935 4.7196467941859164e-05 3518
1755174120343 4.7160175062992825e-05 3527
1755174120867 4.708745679607741e-05 3536
1755174121259 4.7051031587453424e-05 3545
1755174121960 4.697804946925059e-05 3554
1755174122503 4.6941492739747865e-05 3563
1755174123200 4.686824839094005e-05 3572
1755174123578 4.683156095235812e-05 3581
1755174124147 4.6758055999450996e-05 3590
1755174124541 4.672123866649198e-05 3599
1755174125141 4.664747474177835e-05 3608
1755174125676 4.661052833202888e-05 3617
1755174126366 4.6536507073552394e-05 3626
1755174126883 4.649943240746547e-05 3635
1755174127569 4.642515545898432e-05 3644
1755174128096 4.638795335986107e-05 3653
1755174128942 4.6313422370811396e-05 3662
1755174129476 4.627609366478278e-05 3671
1755174130139 4.620131029024214e-05 3680
1755174130676 4.6163855806250646e-05 3689
1755174131427 4.608882170690119e-05 3698
1755174131811 4.6051242276682396e-05 3707
1755174132326 4.5975959118774005e-05 3716
1755174132720 4.593825557683811e-05 3725
1755174133327 4.58627250321514e-05 3734
1755174133750 4.5824898215764706e-05 3743
1755174134294 4.574912196157394e-05 3752
1755174134710 4.5711172710740244e-05 3761
1755174135299 4.5635152429776015e-05 3770
1755174135855 4.559708158721797e-05 3779
1755174136398 4.552081896762988e-05 3788
1755174136798 4.548262737877027e-05 3797
1755174137353 4.540612411408942e-05 3806
1755174137926 4.53678126270324e-05 3815
1755174138670 4.52910704161338e-05 3824
1755174139059 4.5252639881646015e-05 3833
1755174139728 4.517566042871087e-05 3842
1755174140223 4.513711170020266e-05 3851
1755174140892 4.505989671468048e-05 3860
1755174141507 4.502123064818681e-05 3869
1755174143073 4.494378184475748e-05 3878
1755174143741 4.4904999298919033e-05 3887
1755174144270 4.482731839745474e-05 3896
1755174144645 4.478842023349878e-05 3905
1755174145163 4.471050895902581e-05 3914
1755174145587 4.4671496040747106e-05 3923
1755174146125 4.459335612340752e-05 3932
1755174146542 4.455422931714911e-05 3941
1755174147095 4.447586249216238e-05 3950
1755174147488 4.4436622666796385e-05 3959
1755174148077 4.4358030674420785e-05 3968
1755174148634 4.43186787013291e-05 3977
1755174149267 4.423986328682312e-05 3986
1755174149642 4.420040003987802e-05 3995
1755174150267 4.4121362953461604e-05 4004
1755174152026 4.408178930900642e-05 4013
1755174152701 4.4002532305822044e-05 4022
1755174153119 4.396284914265162e-05 4031
1755174153602 4.388337398272539e-05 4040
1755174153986 4.3843582182066634e-05 4049
1755174154532 4.376389063026914e-05 4058
1755174154926 4.372399107576139e-05 4067
1755174155543 4.3644084901768576e-05 4076
1755174155984 4.360407847944405e-05 4085
1755174156562 4.352395945769787e-05 4094
1755174157103 4.348384705596192e-05 4103
1755174157870 4.340351696563094e-05 4112
1755174158439 4.33632994752424e-05 4121
1755174158966 4.32827601001823e-05 4130
1755174159421 4.324243841423364e-05 4139
1755174159988 4.316169154294758e-05 4148
1755174160622 4.312126655684508e-05 4157
1755174161247 4.304031398244403e-05 4166
1755174161676 4.299978659388791e-05 4175
1755174162709 4.291863011405078e-05 4184
1755174163185 4.2878001223015306e-05 4193
1755174163722 4.279664263994904e-05 4202
1755174164117 4.275591314866247e-05 4211
1755174164636 4.267435426906205e-05 4220
1755174165193 4.2633525081986615e-05 4229
1755174165751 4.2551767716994895e-05 4238
1755174166137 4.251083974080679e-05 4247
1755174166661 4.2428885705974343e-05 4256
1755174167070 4.238785984954346e-05 4265
1755174167615 4.23057109647882e-05 4274
1755174168042 4.226458813915802e-05 4283
1755174168689 4.2182246228724805e-05 4292
1755174169128 4.2141027347092224e-05 4301
1755174169669 4.205849423951235e-05 4310
1755174170040 4.201718021720729e-05 4319
1755174170586 4.1934457745257865e-05 4328
1755174171230 4.1893049499723006e-05 4337
1755174171799 4.181013950038635e-05 4346
1755174172275 4.176863795115672e-05 4355
1755174172835 4.1685542265579396e-05 4364
1755174173299 4.164394833426204e-05 4373
1755174173830 4.156066880771413e-05 4382
1755174174214 4.1518983417967514e-05 4391
1755174174752 4.143552189980153e-05 4400
1755174175164 4.139374597731515e-05 4409
1755174175796 4.131010432092507e-05 4418
1755174176433 4.126823879339883e-05 4427
1755174176952 4.1184418856178824e-05 4436
1755174177359 4.114246465330242e-05 4445
1755174177888 4.105846829660571e-05 4454
1755174178359 4.101642635003806e-05 4463
1755174178910 4.09322554391355e-05 4472
1755174179294 4.089012668248397e-05 4481
1755174179855 4.08057830865227e-05 4490
1755174180275 4.076356845532241e-05 4499
1755174180857 4.067905404728431e-05 4508
1755174181242 4.063675447897739e-05 4517
1755174181919 4.055207113563745e-05 4526
1755174182568 4.050968756955217e-05 4535
1755174183079 4.042483717143688e-05 4544
1755174183470 4.038237054876681e-05 4553
1755174184013 4.029735498011239e-05 4562
1755174185135 4.025480624389551e-05 4571
1755174185790 4.016962739260603e-05 4580
1755174186165 4.0126997487703786e-05 4589
1755174186718 4.004165724530928e-05 4598
1755174187123 3.999894711838558e-05 4607
1755174187740 3.991344738000001e-05 4616
1755174188257 3.987065797950023e-05 4625
1755174188942 3.978500064377941e-05 4634
1755174189487 3.974213291990932e-05 4643
1755174190139 3.965631988900876e-05 4652
1755174190515 3.961337479371341e-05 4661
1755174191049 3.952740797324611e-05 4670
1755174191429 3.948438646018873e-05 4679
1755174191952 3.939826775918279e-05 4688
1755174192342 3.935517078372357e-05 4697
1755174193013 3.926890211457984e-05 4706
1755174193578 3.922573063375471e-05 4715
1755174194108 3.913931391220435e-05 4724
1755174194536 3.909606888470379e-05 4733
1755174195068 3.900950602976566e-05 4742
1755174196044 3.896618841591334e-05 4751
1755174196620 3.887948134985142e-05 4760
1755174197150 3.883609211158292e-05 4769
1755174197791 3.8749242759863655e-05 4778
1755174198177 3.870578286070505e-05 4787
1755174198713 3.861879315195456e-05 4796
1755174199124 3.8575263557001116e-05 4805
1755174199933 3.848813542296233e-05 4814
1755174200575 3.8444537098856994e-05 4823
1755174201099 3.835727247434683e-05 4832
1755174201498 3.831360638925878e-05 4841
1755174202165 3.822620721212512e-05 4850
1755174202642 3.818247433572828e-05 4859
1755174203236 3.8094942546806966e-05 4868
1755174203642 3.805114385025848e-05 4877
1755174204231 3.796348139333021e-05 4886
1755174204622 3.7919617849248814e-05 4895
1755174205271 3.783182667099595e-05 4904
1755174205709 3.77878992534405e-05 4913
1755174206284 3.76999813034039e-05 4922
1755174206712 3.7655990987851564e-05 4931
1755174207899 3.756794821838725e-05 4940
1755174208333 3.752389598171202e-05 4949
1755174208854 3.7435730347947786e-05 4958
1755174209261 3.739161716839869e-05 4967
1755174209788 3.730333062819075e-05 4976
1755174210191 3.725915748537016e-05 4985
1755174210762 3.7170751999259634e-05 4994
1755174211178 3.712651987410147e-05 5003
1755174211722 3.703799740527089e-05 5012
1755174212191 3.699370728001887e-05 5021
1755174212843 3.6905069794248526e-05 5030
1755174213244 3.686072265243439e-05 5039
1755174213887 3.67719721180587e-05 5048
1755174214275 3.672756894448029e-05 5057
1755174214960 3.663870733234412e-05 5066
1755174215427 3.659424911304355e-05 5075
1755174215960 3.650527839645838e-05 5084
1755174216353 3.646076611870019e-05 5093
1755174217043 3.637168827340038e-05 5102
1755174217471 3.63271229256495e-05 5111
1755174218150 3.6237939929748345e-05 5120
1755174218574 3.619332250164825e-05 5129
1755174219124 3.610403633559409e-05 5138
1755174219523 3.605936781794476e-05 5147
1755174220152 3.5969980464476976e-05 5156
1755174220604 3.5925261849212925e-05 5165
1755174221190 3.5835775293317947e-05 5174
1755174221656 3.579100757348618e-05 5183
1755174222180 3.570142380235335e-05 5192
1755174222554 3.565660797209133e-05 5201
1755174223086 3.556692897506883e-05 5210
1755174223617 3.5522066029582365e-05 5219
1755174224233 3.543229379813303e-05 5228
1755174224627 3.5387384733674205e-05 5237
1755174225181 3.529752126133124e-05 5246
1755174225611 3.52525670751763e-05 5255
1755174226157 3.5162614357499105e-05 5264
1755174226614 3.511761604792626e-05 5273
1755174227168 3.502757608245604e-05 5282
1755174227679 3.498253464872334e-05 5291
1755174228203 3.4892409434938804e-05 5300
1755174228617 3.484732587726196e-05 5309
1755174229188 3.475711741653485e-05 5318
1755174229593 3.471199273606499e-05 5327
1755174230159 3.4621703031615704e-05 5336
1755174230554 3.457653823041715e-05 5345
1755174231109 3.448616928727022e-05 5354
1755174231626 3.444096536829823e-05 5363
1755174232406 3.43505191932378e-05 5372
1755174232807 3.430527716031633e-05 5381
1755174233396 3.4214755761841626e-05 5390
1755174233789 3.416947661964097e-05 5399
1755174234417 3.4078882007921656e-05 5408
1755174234924 3.403356676193621e-05 5417
1755174235530 3.3942900948767754e-05 5426
1755174235964 3.389755060529364e-05 5435
1755174236535 3.380681560405268e-05 5444
1755174236966 3.376143117016542e-05 5453
1755174237610 3.367062899576499e-05 5462
1755174238164 3.362521147929716e-05 5471
1755174238733 3.3534344148142006e-05 5480
1755174239231 3.348889455766078e-05 5489
1755174239768 3.3397964087602535e-05 5498
1755174240229 3.3352483432387385e-05 5507
1755174240798 3.326149184267977e-05 5516
1755174241200 3.321598113270001e-05 5525
1755174241805 3.312493044395404e-05 5534
1755174242193 3.307939068984634e-05 5543
1755174242759 3.2988282923985404e-05 5552
1755174243201 3.294271513703151e-05 5561
1755174243885 3.285155231724647e-05 5570
1755174244439 3.280595750935054e-05 5579
1755174245139 3.2714741660054835e-05 5588
1755174245591 3.26691208437211e-05 5597
1755174246126 3.257785399050575e-05 5606
1755174246516 3.253220817881602e-05 5615
1755174247044 3.24408923484047e-05 5624
1755174247496 3.239522255499584e-05 5633
1755174248144 3.23038597751998e-05 5642
1755174248645 3.22581670142412e-05 5651
1755174249261 3.2166759313914306e-05 5660
1755174249687 3.212104460008543e-05 5669
1755174250384 3.202959400907908e-05 5678
1755174250847 3.1983858357546846e-05 5687
1755174251551 3.189236690666487e-05 5696
1755174251935 3.184661133306119e-05 5705
1755174252493 3.175508105401479e-05 5714
1755174252899 3.170930657441394e-05 5723
1755174253458 3.1617739499776544e-05 5732
1755174253847 3.157194713067266e-05 5741
1755174254547 3.148034529383482e-05 5750
1755174255092 3.14345360521193e-05 5759
1755174255811 3.134290148724353e-05 5768
1755174256257 3.129707639018245e-05 5777
1755174256869 3.120541113215799e-05 5786
1755174257341 3.115957119736952e-05 5795
1755174258163 3.106787728176724e-05 5804
1755174258716 3.102202352719906e-05 5813
1755174259366 3.093030299022622e-05 5822
1755174259759 3.088443643413286e-05 5831
1755174260302 3.079269131258786e-05 5840
1755174260686 3.0746812973508175e-05 5849
1755174261275 3.06703409058936e-05 5858
1755174261638 3.065504530473537e-05 5867
1755174262216 3.062445294832997e-05 5876
1755174262841 3.057856159140326e-05 5885
1755174263296 3.057856159140326e-05 5894
1755174263680 3.056326373658446e-05 5903
1755174264360 3.0547965520833956e-05 5912
1755174264761 3.0547965520833956e-05 5921
1755174265259 3.0547965520833956e-05 5930
1755174265634 3.0547965520833956e-05 5939
1755174266125 3.0547965520833956e-05 5948
1755174266516 3.0547965520833956e-05 5957
1755174267278 3.0547965520833956e-05 5966
1755174267783 3.0547965520833956e-05 5975
1755174268241 3.0547965520833956e-05 5984
1755174268606 3.0547965520833956e-05 5993
