1755173871381 0.00010017583874213671 8
1755173871778 0.00010079384002579096 17
1755173872371 0.00010185614025733992 26
1755173872842 0.00010336168874131848 35
1755173873426 0.0001053089963761356 44
1755173873862 0.00010769613712690955 53
1755173874449 0.00011052074993046107 62
1755173874871 0.00011378004103058514 71
1755173875575 0.00011747078674128686 80
1755173876115 0.00012158933663525208 89
1755173876747 0.00012613161715439554 98
1755173877281 0.0001310931356389199 107
1755173877957 0.00013646898477089628 116
1755173878442 0.00014225384742797367 125
1755173879215 0.0001484420019424162 134
1755173879693 0.00015502732776026648 143
1755173880506 0.00016200331149503699 152
1755173882520 0.00016936305336994373 161
1755173883251 0.00017709927404230795 170
1755173883820 0.00018520432180337844 179
1755173884506 0.0001936701801464513 188
1755173885157 0.00020248847569580275 197
1755173886007 0.00021165048648859265 206
1755173886523 0.0002211471506015476 215
1755173888142 0.00023096907511388845 224
1755173888816 0.0002411065453976429 233
1755173889713 0.000251549534726148 242
1755173890264 0.0002622877141912432 251
1755173890994 0.0002733104629193435 260
1755173891583 0.00028460687857628894 269
1755173892297 0.000296165788150579 278
1755173892821 0.00030797575900432905 287
1755173893795 0.0003200251101810152 296
1755173894487 0.00033230192395882537 305
1755173895248 0.00034479405763819103 314
1755173895783 0.00035748915555183704 323
1755173896377 0.0003703746612854729 332
1755173896795 0.00038343783009703845 341
1755173897655 0.00039666574152222116 350
1755173898358 0.00041004531215377304 359
1755173899351 0.0004235633085819938 368
1755173899813 0.0004372063604835758 377
1755173900454 0.00045096097384586715 386
1755173901200 0.00046481354431347354 395
1755173901840 0.0004787503706439973 404
1755173902429 0.0004927576682596046 413
1755173903265 0.0005068215828810177 422
1755173903827 0.000520928204230448 431
1755173904635 0.0005350635797899154 440
1755173905292 0.0005492137286013459 449
1755173906139 0.0005633646550947994 458
1755173906718 0.000577502362931149 467
1755173907405 0.0005916128688455223 476
1755173907802 0.0006056822164778095 485
1755173908439 0.0006196964901765626 494
1755173909120 0.0006336418287626292 503
1755173909983 0.0006475044392389088 512
1755173910572 0.0006612706104326742 521
1755173911273 0.0006749267265569595 530
1755173911699 0.0006884592806776064 539
1755173912315 0.0007018548880726452 548
1755173912764 0.000715100299470801 557
1755173913472 0.0007281824141560263 566
1755173914030 0.0007410882929251023 575
1755173914732 0.0007538051708854928 584
1755173915128 0.0007663204700807901 593
1755173915864 0.0007786218119312672 602
1755173916272 0.0007906970294772318 611
1755173917191 0.000802534179413072 620
1755173917738 0.0008141215539000916 629
1755173918637 0.0008254476921464483 638
1755173919235 0.000836501391742748 647
1755173920152 0.0008472717197420754 656
1755173920635 0.0008577480234735079 665
1755173922472 0.0008679199410784149 674
1755173923056 0.0008777774117591213 683
1755173923822 0.0008873106857297988 692
1755173924335 0.0008965103338597444 701
1755173925110 0.0009053672569995043 710
1755173925692 0.0009138726949806228 719
1755173926499 0.0009220182352801139 728
1755173927000 0.0009297958213410832 737
1755173927712 0.000937197760541274 746
1755173928320 0.000944216731801654 755
1755173929405 0.0009508457928275168 764
1755173930056 0.0009570783869749391 773
1755173930753 0.000962908349735797 782
1755173931212 0.0009683299148349329 791
1755173931861 0.0009733377199334386 800
1755173933017 0.0009779268119324146 809
1755173933892 0.000982092651871961 818
1755173934564 0.0009858311194205528 827
1755173935527 0.0009891385169503598 836
1755173936081 0.000992011573194481 845
1755173936911 0.0009944474464824759 854
1755173937374 0.000996443727550992 863
1755173938105 0.0009979984419267083 872
1755173938668 0.0009991100518792395 881
1755173939611 0.0009997774579420683 890
1755173940247 0.001 899
1755173941077 0.0009999923161484571 908
1755173941580 0.0009999692648299974 917
1755173942514 0.000999930846753119 926
1755173943163 0.0009998770630986295 935
1755173944319 0.0009998079155196077 944
1755173944939 0.0009997234061413537 953
1755173945863 0.0009996235375613238 962
1755173946695 0.0009995083128490497 971
1755173947635 0.0009993777355460452 980
1755173948170 0.000999231809665697 989
1755173948979 0.0009990705396931414 998
1755173949538 0.0009988939305851257 1007
1755173950336 0.000998701987769857 1016
1755173950998 0.0009984947171468347 1025
1755173951861 0.0009982721250866692 1034
1755173952465 0.0009980342184308863 1043
1755173953111 0.000997781004491717 1052
1755173953690 0.0009975124910518722 1061
1755173954335 0.0009972286863643041 1070
1755173955643 0.0009969295991519524 1079
1755173956567 0.0009966152386074757 1088
1755173957283 0.00099628561439297 1097
1755173958237 0.0009959407366396705 1106
1755173958687 0.000995580615947641 1115
1755173959262 0.000995205263385448 1124
1755173959731 0.0009948146904898206 1133
1755173960454 0.000994408909265295 1142
1755173960993 0.0009939879321838468 1151
1755173961872 0.0009935517721845072 1160
1755173962603 0.0009931004426729645 1169
1755173963462 0.0009926339575211539 1178
1755173964100 0.0009921523310668287 1187
1755173964988 0.0009916555781131222 1196
1755173965701 0.0009911437139280908 1205
1755173967456 0.0009906167542442451 1214
1755173968139 0.0009900747152580673 1223
1755173969041 0.0009895176136295123 1232
1755173969635 0.0009889454664814962 1241
1755173970394 0.00098835829139937 1250
1755173971279 0.0009877561064303784 1259
1755173971943 0.0009871389300831065 1268
1755173972486 0.0009865067813269095 1277
1755173973215 0.0009858596795913302 1286
1755173973771 0.0009851976447655029 1295
1755173974454 0.0009845206971975397 1304
1755173975042 0.0009838288576939076 1313
1755173975782 0.000983122147518787 1322
1755173976301 0.0009824005883934195 1331
1755173977287 0.0009816642024954396 1340
1755173977971 0.0009809130124581937 1349
1755173978959 0.0009801470413700432 1358
1755173979600 0.0009793663127736561 1367
1755173980403 0.000978570850665283 1376
1755173981016 0.0009777606794940193 1385
1755173981918 0.0009769358241610538 1394
1755173982402 0.0009760963100189044 1403
1755173982960 0.0009752421628706365 1412
1755173983356 0.0009743734089690727 1421
1755173984089 0.0009734900750159837 1430
1755173984735 0.0009725921881612691 1439
1755173985495 0.0009716797760021219 1448
1755173986006 0.0009707528665821808 1457
1755173986780 0.0009698114883906683 1466
1755173987267 0.0009688556703615146 1475
1755173988431 0.0009678854418724692 1484
1755173988840 0.0009669008327441968 1493
1755173989438 0.0009659018732393614 1502
1755173990039 0.0009648885940616963 1511
1755173990631 0.0009638610263550602 1520
1755173991182 0.0009628192017024793 1529
1755173991911 0.000961763152125178 1538
1755173992320 0.0009606929100815938 1547
1755173992890 0.000959608508466379 1556
1755173994211 0.0009585099806093913 1565
1755173994871 0.0009573973602746682 1574
1755173995275 0.0009562706816593896 1583
1755173995812 0.0009551299793928266 1592
1755173996221 0.0009539752885352771 1601
1755173996894 0.000952806644576989 1610
1755173997286 0.0009516240834370678 1619
1755173997852 0.0009504276414623741 1628
1755173998230 0.0009492173554264057 1637
1755173998822 0.0009479932625281674 1646
1755173999392 0.0009467554003910278 1655
1755174000527 0.0009455038070615631 1664
1755174001000 0.0009442385210083873 1673
1755174001686 0.00094295958112097 1682
1755174002056 0.0009416670267084411 1691
1755174002829 0.000940360897498383 1700
1755174003514 0.0009390412336356086 1709
1755174004077 0.0009377080756809286 1718
1755174004471 0.0009363614646099041 1727
1755174005066 0.0009350014418115869 1736
1755174005636 0.0009336280490872482 1745
1755174006203 0.0009322413286490935 1754
1755174006612 0.0009308413231189648 1763
1755174007332 0.000929428075527031 1772
1755174007901 0.0009280016293104652 1781
1755174008687 0.0009265620283121098 1790
1755174009227 0.0009251093167791286 1799
1755174009909 0.0009236435393616472 1808
1755174010275 0.0009221647411113801 1817
1755174011555 0.000920672967480247 1826
1755174012019 0.000919168264318975 1835
1755174012684 0.0009176506778756892 1844
1755174013083 0.0009161202547944917 1853
1755174013965 0.0009145770421140278 1862
1755174014520 0.0009130210872660408 1871
1755174015206 0.0009114524380739129 1880
1755174015678 0.0009098711427511962 1889
1755174016376 0.0009082772499001308 1898
1755174016771 0.0009066708085101509 1907
1755174017289 0.0009050518679563789 1916
1755174017684 0.0009034204779981075 1925
1755174018603 0.0009017766887772716 1934
1755174019144 0.0009001205508169056 1943
1755174019778 0.0008984521150195913 1952
1755174020162 0.0008967714326658935 1961
1755174020737 0.0008950785554127835 1970
1755174021126 0.0008933735352920517 1979
1755174022240 0.0008916564247087079 1988
1755174022853 0.0008899272764393712 1997
1755174023491 0.0008881861436306476 2006
1755174023884 0.0008864330797974962 2015
1755174024386 0.0008846681388215847 2024
1755174024776 0.0008828913749496333 2033
1755174025342 0.0008811028427917477 2042
1755174025737 0.0008793025973197396 2051
1755174026266 0.0008774906938654381 2060
1755174026726 0.000875667188118989 2069
1755174027484 0.0008738321361271423 2078
1755174028039 0.0008719855942915305 2087
1755174028569 0.0008701276193669342 2096
1755174029041 0.0008682582684595387 2105
1755174029588 0.000866377599025178 2114
1755174029983 0.0008644856688675688 2123
1755174030560 0.0008625825361365347 2132
1755174030976 0.0008606682593262179 2141
1755174031550 0.0008587428972732822 2150
1755174031941 0.0008568065091551042 2159
1755174033004 0.0008548591544879542 2168
1755174033466 0.0008529008931251674 2177
1755174034036 0.0008509317852553043 2186
1755174034576 0.0008489518914002998 2195
1755174035233 0.0008469612724136048 2204
1755174035720 0.000844959989478314 2213
1755174036355 0.0008429481041052861 2222
1755174036752 0.000840925678131254 2231
1755174037519 0.0008388927737169229 2240
1755174037980 0.0008368494533450606 2249
1755174038642 0.0008347957798185764 2258
1755174039041 0.0008327318162585918 2267
1755174039643 0.0008306576261024994 2276
1755174040062 0.0008285732731020136 2285
1755174040683 0.0008264788213212113 2294
1755174041114 0.0008243743351345624 2303
1755174041786 0.0008222598792249512 2312
1755174042464 0.000820135518581689 2321
1755174043043 0.0008180013184985159 2330
1755174043584 0.0008158573445715944 2339
1755174044277 0.0008137036626974927 2348
1755174044782 0.0008115403390711601 2357
1755174045424 0.0008093674401838918 2366
1755174046043 0.0008071850328212855 2375
1755174046888 0.0008049931840611888 2384
1755174047376 0.0008027919612716371 2393
1755174047966 0.0008005814321087837 2402
1755174048354 0.0007983616645148194 2411
1755174049014 0.0007961327267158856 2420
1755174049461 0.0007938946872199752 2429
1755174050333 0.0007916476148148296 2438
1755174050855 0.0007893915785658223 2447
1755174051697 0.0007871266478138373 2456
1755174052229 0.0007848528921731372 2465
1755174053000 0.0007825703815292239 2474
1755174053465 0.000780279186036691 2483
1755174054232 0.0007779793761170666 2492
1755174054712 0.0007756710224566496 2501
1755174055382 0.0007733541960043369 2510
1755174056030 0.0007710289679694424 2519
1755174056710 0.0007686954098195092 2528
1755174057309 0.0007663535932781119 2537
1755174057863 0.0007640035903226527 2546
1755174058405 0.0007616454731821495 2555
1755174058996 0.0007592793143350151 2564
1755174059561 0.00075690518650683 2573
1755174060237 0.0007545231626681071 2582
1755174060799 0.0007521333160320484 2591
1755174061552 0.0007497357200522959 2600
1755174061956 0.0007473304484206726 2609
1755174062713 0.0007449175750649183 2618
1755174063347 0.0007424971741464171 2627
1755174064379 0.0007400693200579186 2636
1755174065032 0.0007376340874212504 2645
1755174065665 0.0007351915510850251 2654
1755174066095 0.0007327417861223398 2663
1755174066719 0.0007302848678284688 2672
1755174067227 0.0007278208717185489 2681
1755174067841 0.0007253498735252586 2690
1755174068419 0.0007228719491964904 2699
1755174069058 0.0007203871748930167 2708
1755174069509 0.0007178956269861488 2717
1755174070157 0.0007153973820553893 2726
1755174070716 0.0007128925168860787 2735
1755174071400 0.0007103811084670352 2744
1755174071801 0.0007078632339881887 2753
1755174072350 0.0007053389708382078 2762
1755174072759 0.0007028083966021214 2771
1755174073377 0.0007002715890589346 2780
1755174073885 0.000697728626179237 2789
1755174074644 0.0006951795861228075 2798
1755174075080 0.0006926245472362106 2807
1755174075666 0.0006900635880503903 2816
1755174076086 0.0006874967872782537 2825
1755174076611 0.0006849242238122544 2834
1755174077031 0.0006823459767219662 2843
1755174077542 0.0006797621252516529 2852
1755174079015 0.0006771727488178331 2861
1755174079692 0.0006745779270068392 2870
1755174080101 0.000671977739572371 2879
1755174080728 0.0006693722664330447 2888
1755174081183 0.0006667615876699359 2897
1755174081874 0.0006641457835241197 2906
1755174082443 0.0006615249343942027 2915
1755174082980 0.000658899120833853 2924
1755174083408 0.0006562684235493241 2933
1755174084057 0.0006536329233969738 2942
1755174084456 0.0006509927013807801 2951
1755174084989 0.0006483478386498504 2960
1755174085412 0.000645698416495928 2969
1755174085979 0.0006430445163508931 2978
1755174086498 0.0006403862197842605 2987
1755174087164 0.0006377236085006718 2996
1755174087729 0.0006350567643373847 3005
1755174088339 0.0006323857692617571 3014
1755174088741 0.0006297107053687292 3023
1755174089320 0.0006270316548782978 3032
1755174089786 0.0006243487001329918 3041
1755174090562 0.0006216619235953392 3050
1755174090948 0.0006189714078453343 3059
1755174091476 0.0006162772355778983 3068
1755174091886 0.0006135794896003384 3077
1755174092439 0.0006108782528298019 3086
1755174092824 0.0006081736082907285 3095
1755174093441 0.0006054656391122978 3104
1755174093971 0.0006027544285258749 3113
1755174095339 0.0006000400598624515 3122
1755174095786 0.0005973226165500855 3131
1755174096382 0.0005946021821113358 3140
1755174096920 0.0005918788401606962 3149
1755174097477 0.0005891526744020247 3158
1755174097864 0.0005864237686259709 3167
1755174098423 0.0005836922067074012 3176
1755174098805 0.0005809580726028203 3185
1755174099429 0.0005782214503477904 3194
1755174099844 0.0005754824240543494 3203
1755174100608 0.0005727410779084247 3212
1755174101168 0.0005699974961672466 3221
1755174101715 0.0005672517631567569 3230
1755174102091 0.0005645039632690192 3239
1755174102675 0.0005617541809596234 3248
1755174103075 0.0005590025007450911 3257
1755174103672 0.0005562490072002771 3266
1755174104056 0.0005534937849557699 3275
1755174104728 0.0005507369186952914 3284
1755174105270 0.0005479784931530931 3293
1755174105983 0.0005452185931113524 3302
1755174107101 0.0005424573033975661 3311
1755174107784 0.000539694708881944 3320
1755174108241 0.0005369308944747997 3329
1755174108754 0.0005341659451239411 3338
1755174109156 0.0005313999458120592 3347
1755174109685 0.0005286329815541165 3356
1755174110100 0.000525865137394734 3365
1755174110759 0.0005230964984055767 3374
1755174111169 0.0005203271496827394 3383
1755174111901 0.0005175571763441312 3392
1755174112287 0.0005147866635268591 3401
1755174112941 0.0005120156963846114 3410
1755174113477 0.0005092443600850402 3419
1755174114169 0.0005064727398071444 3428
1755174114721 0.0005037009207386507 3437
1755174115269 0.000500928988073396 3446
1755174115664 0.0004981570270087083 3455
1755174116204 0.0004953851227427893 3464
1755174116602 0.0004926133604720942 3473
1755174117285 0.0004898418253887141 3482
1755174118435 0.0004870706026777574 3491
1755174118982 0.0004842997775147313 3500
1755174119388 0.0004815294350629246 3509
1755174119935 0.000478759660470789 3518
1755174120343 0.0004759905388693231 3527
1755174120867 0.00047322215536945485 3536
1755174121259 0.00047045459505942684 3545
1755174121960 0.00046768794300217965 3554
1755174122503 0.0004649222842327385 3563
1755174123200 0.00046215770375559876 3572
1755174123578 0.0004593942865421145 3581
1755174124147 0.0004566321175278852 3590
1755174124541 0.0004538712816101464 3599
1755174125141 0.00045111186364516013 3608
1755174125676 0.00044835394844560615 3617
1755174126366 0.00044559762077797644 3626
1755174126883 0.0004428429653599682 3635
1755174127569 0.0004400900668578815 3644
1755174128096 0.00043733900988401567 3653
1755174128942 0.00043458987899407033 3662
1755174129476 0.00043184275868454443 3671
1755174130139 0.0004290977333901413 3680
1755174130676 0.0004263548874811715 3689
1755174131427 0.00042361430526096164 3698
1755174131811 0.00042087607096326146 3707
1755174132326 0.000418140268749656 3716
1755174132720 0.00041540698270697835 3725
1755174133327 0.0004126762968447251 3734
1755174133750 0.00040994829509247507 3743
1755174134294 0.0004072230612973083 3752
1755174134710 0.0004045006792212303 3761
1755174135299 0.00040178123253859616 3770
1755174135855 0.00039906480483354077 3779
1755174136398 0.0003963514795974072 3788
1755174136798 0.00039364134022618324 3797
1755174137353 0.0003909344700179359 3806
1755174137926 0.0003882309521702523 3815
1755174138670 0.00038553086977768285 3824
1755174139059 0.0003828343058291862 3833
1755174139728 0.0003801413432055797 3842
1755174140223 0.0003774520646769908 3851
1755174140892 0.0003747665529003142 3860
1755174141507 0.0003720848904166702 3869
1755174143073 0.00036940715964886903 3878
1755174143741 0.00036673344289887627 3887
1755174144270 0.0003640638223452842 3896
1755174144645 0.00036139838004078527 3905
1755174145163 0.0003587371979096503 3914
1755174145587 0.0003560803577452115 3923
1755174146125 0.0003534279412073465 3932
1755174146542 0.0003507800298199706 3941
1755174147095 0.0003481367049685293 3950
1755174147488 0.0003454980478974982 3959
1755174148077 0.0003428641397078851 3968
1755174148634 0.0003402350613547376 3977
1755174149267 0.0003376108936446546 3986
1755174149642 0.00033499171723330354 3995
1755174150267 0.00033237761262293986 4004
1755174152026 0.00032976866015993413 4013
1755174152701 0.0003271649400323019 4022
1755174153119 0.000324566532267239 4031
1755174153602 0.0003219735167286624 4040
1755174153986 0.0003193859731147545 4049
1755174154532 0.0003168039809555149 4058
1755174154926 0.00031422761961031454 4067
1755174155543 0.0003116569682654582 4076
1755174155984 0.00030909210593174874 4085
1755174156562 0.0003065331114420604 4094
1755174157103 0.0003039800634489144 4103
1755174157870 0.0003014330404220629 4112
1755174158439 0.00029889212064607585 4121
1755174158966 0.0002963573822179352 4130
1755174159421 0.0002938289030446357 4139
1755174159988 0.00029130676084078845 4148
1755174160622 0.0002887910331262342 4157
1755174161247 0.0002862817972236588 4166
1755174161676 0.00028377913025621836 4175
1755174162709 0.00028128310914516785 4184
1755174163185 0.00027879381060749703 4193
1755174163722 0.00027631131115357264 4202
1755174164117 0.00027383568708478707 4211
1755174164636 0.000271367014491212 4220
1755174165193 0.0002689053692492612 4229
1755174165751 0.0002664508270193577 4238
1755174166137 0.00026400346324360836 4247
1755174166661 0.00026156335314348524 4256
1755174167070 0.0002591305717175128 4265
1755174167615 0.00025670519373896473 4274
1755174168042 0.00025428729375356337 4283
1755174168689 0.00025187694607719 4292
1755174169128 0.0002494742247936004 4301
1755174169669 0.0002470792037521477 4310
1755174170040 0.0002446919565655125 4319
1755174170586 0.00024231255660744035 4328
1755174171230 0.0002399410770104867 4337
1755174171799 0.0002375775906637692 4346
1755174172275 0.0002352221702107271 4355
1755174172835 0.00023287488804688862 4364
1755174173299 0.00023053581631764618 4373
1755174173830 0.00022820502691603783 4382
1755174174214 0.00022588259148053957 4391
1755174174752 0.0002235685813928612 4400
1755174175164 0.00022126306777575398 4409
1755174175796 0.0002189661214908241 4418
1755174176433 0.00021667781313635436 4427
1755174176952 0.00021439821304513487 4436
1755174177359 0.00021212739128230102 4445
1755174177888 0.00020986541764318002 4454
1755174178359 0.0002076123616511456 4463
1755174178910 0.00020536829255548154 4472
1755174179294 0.00020313327932925207 4481
1755174179855 0.00020090739066718426 4490
1755174180275 0.00019869069498355376 4499
1755174180857 0.00019648326041008435 4508
1755174181242 0.0001942851547938526 4517
1755174181919 0.00019209644569520313 4526
1755174182568 0.00018991720038567193 4535
1755174183079 0.00018774748584591815 4544
1755174183470 0.0001855873687636666 4553
1755174184013 0.00018343691553165695 4562
1755174185135 0.00018129619224560388 4571
1755174185790 0.00017916526470216498 4580
1755174186165 0.00017704419839691888 4589
1755174186718 0.0001749330585223515 4598
1755174187123 0.0001728319099658539 4607
1755174187740 0.00017074081730772558 4616
1755174188257 0.00016865984481919178 4625
1755174188942 0.0001665890564604268 4634
1755174189487 0.000164528515878588 4643
1755174190139 0.00016247828640586102 4652
1755174190515 0.00016043843105751114 4661
1755174191049 0.00015840901252994814 4670
1755174191429 0.00015639009319879852 4679
1755174191952 0.00015438173511698842 4688
1755174192342 0.00015238400001283667 4697
1755174193013 0.00015039694928815713 4706
1755174193578 0.00014842064401637118 4715
1755174194108 0.0001464551449406322 4724
1755174194536 0.0001445005124719564 4733
1755174195068 0.00014255680668736706 4742
1755174196044 0.00014062408732804893 4751
1755174196620 0.00013870241379751021 4760
1755174197150 0.00013679184515975808 4769
1755174197791 0.00013489244013748292 4778
1755174198177 0.00013300425711025343 4787
1755174198713 0.00013112735411272206 4796
1755174199124 0.00012926178883284196 4805
1755174199933 0.0001274076186100926 4814
1755174200575 0.00012556490043371952 4823
1755174201099 0.00012373369094098008 4832
1755174201498 0.0001219140464154049 4841
1755174202165 0.00012010602278506696 4850
1755174202642 0.00011830967562086222 4859
1755174203236 0.000116525060134803 4868
1755174203642 0.00011475223117831931 4877
1755174204231 0.00011299124324057422 4886
1755174204622 0.00011124215044678847 4895
1755174205271 0.00010950500655657714 4904
1755174205709 0.00010777986496229717 4913
1755174206284 0.00010606677868740649 4922
1755174206712 0.00010436580038483397 4931
1755174207899 0.00010267698233536139 4940
1755174208333 0.00010100037644601665 4949
1755174208854 9.933603424847804e-05 4958
1755174209261 9.768400689749066e-05 4967
1755174209788 9.604434516929352e-05 4976
1755174210191 9.441709946006036e-05 4985
1755174210762 9.280231978434863e-05 4994
1755174211178 9.120005577356415e-05 5003
1755174211722 8.961035667443436e-05 5012
1755174212191 8.803327134749555e-05 5021
1755174212843 8.64688482655904e-05 5030
1755174213244 8.491713551237884e-05 5039
1755174213887 8.337818078085915e-05 5048
1755174214275 8.18520313719033e-05 5057
1755174214960 8.033873419280246e-05 5066
1755174215427 7.88383357558248e-05 5075
1755174215960 7.735088217678735e-05 5084
1755174216353 7.587641917363684e-05 5093
1755174217043 7.441499206504586e-05 5102
1755174217471 7.296664576901943e-05 5111
1755174218150 7.153142480151428e-05 5120
1755174218574 7.010937327507101e-05 5129
1755174219124 6.870053489745804e-05 5138
1755174219523 6.73049529703279e-05 5147
1755174220152 6.592267038788707e-05 5156
1755174220604 6.455372963557696e-05 5165
1755174221190 6.319817278876843e-05 5174
1755174221656 6.185604151146848e-05 5183
1755174222180 6.0527377055039316e-05 5192
1755174222554 5.921222025693129e-05 5201
1755174223086 5.791061153942685e-05 5210
1755174223617 5.6622590908398656e-05 5219
1755174224233 5.5348197952079925e-05 5228
1755174224627 5.4087471839847446e-05 5237
1755174225181 5.2840451321017934e-05 5246
1755174225611 5.1607174723656634e-05 5255
1755174226157 5.038767995339988e-05 5264
1755174226614 4.9182004492289507e-05 5273
1755174227168 4.799018539762115e-05 5282
1755174227679 4.6812259300805056e-05 5291
1755174228203 4.5648262406240414e-05 5300
1755174228617 4.449823049020201e-05 5309
1755174229188 4.3362198899741765e-05 5318
1755174229593 4.224020255160088e-05 5327
1755174230159 4.1132275931137855e-05 5336
1755174230554 4.0038453091267926e-05 5345
1755174231109 3.895876765141632e-05 5354
1755174231626 3.7893252796485796e-05 5363
1755174232406 3.6841941275835374e-05 5372
1755174232807 3.580486540227487e-05 5381
1755174233396 3.478205705107131e-05 5390
1755174233789 3.3773547658969176e-05 5399
1755174234417 3.277936822322405e-05 5408
1755174234924 3.179954930065054e-05 5417
1755174235530 3.083412100668217e-05 5426
1755174235964 2.9883113014446466e-05 5435
1755174236535 2.8946554553852624e-05 5444
1755174236966 2.802447441069324e-05 5453
1755174237610 2.7116900925759447e-05 5462
1755174238164 2.622386199396983e-05 5471
1755174238733 2.5345385063513138e-05 5480
1755174239231 2.4481497135004713e-05 5489
1755174239768 2.363222476065642e-05 5498
1755174240229 2.279759404346067e-05 5507
1755174240798 2.19776306363882e-05 5516
1755174241200 2.117235974159914e-05 5525
1755174241805 2.0381806109669318e-05 5534
1755174242193 1.9605994038828426e-05 5543
1755174242759 1.8844947374214187e-05 5552
1755174243201 1.8098689507138883e-05 5561
1755174243885 1.736724337437039e-05 5570
1755174244439 1.6650631457427635e-05 5579
1755174245139 1.594887578188916e-05 5588
1755174245591 1.526199791671638e-05 5597
1755174246126 1.4590018973590629e-05 5606
1755174246516 1.3932959606264086e-05 5615
1755174247044 1.3290840009925374e-05 5624
1755174247496 1.2663679920578417e-05 5633
1755174248144 1.2051498614435978e-05 5642
1755174248645 1.1454314907327417e-05 5651
1755174249261 1.0872147154120054e-05 5660
1755174249687 1.0305013248155064e-05 5669
1755174250384 9.752930620697922e-06 5678
1755174250847 9.215916240401843e-06 5687
1755174251551 8.693986612787255e-06 5696
1755174251935 8.187157779733492e-06 5705
1755174252493 7.695445318986463e-06 5714
1755174252899 7.218864343679437e-06 5723
1755174253458 6.757429501868806e-06 5732
1755174253847 6.311154976083559e-06 5741
1755174254547 5.880054482889913e-06 5750
1755174255092 5.464141272468877e-06 5759
1755174255811 5.063428128209862e-06 5768
1755174256257 4.6779273663173274e-06 5777
1755174256869 4.307650835432094e-06 5786
1755174257341 3.95260991626769e-06 5795
1755174258163 3.6128155212600233e-06 5804
1755174258716 3.2882780942322665e-06 5813
1755174259366 2.979007610073893e-06 5822
1755174259759 2.685013574433815e-06 5831
1755174260302 2.4063050234285096e-06 5840
1755174260686 2.1428905233642414e-06 5849
1755174261275 1.8947781704735002e-06 5858
1755174261638 1.6619755906665354e-06 5867
1755174262216 1.4444899392968227e-06 5876
1755174262841 1.2423279009409102e-06 5885
1755174263296 1.055495689193417e-06 5894
1755174263680 8.83999046475578e-07 5903
1755174264360 7.278432438591073e-07 5912
1755174264761 5.870330809040533e-07 5921
1755174265259 4.615728855112508e-07 5930
1755174265634 3.5146651378926214e-07 5939
1755174266125 2.567173499360287e-07 5948
1755174266516 1.77328306134733e-07 5957
1755174267278 1.1330182246426012e-07 5966
1755174267783 6.463986682420285e-08 5975
1755174268241 3.134393487457719e-08 5984
1755174268606 1.341504998963757e-08 5993
