1755168398394 0.6933160424232483 5
1755168399463 0.693920910358429 11
1755168399789 0.6939652562141418 17
1755168400102 0.6937549710273743 23
1755168400404 0.69443678855896 29
1755168400749 0.6945244669914246 35
1755168401077 0.6944065093994141 41
1755168401521 0.6940553784370422 47
1755168401911 0.693608283996582 53
1755168402261 0.6935757994651794 59
1755168402617 0.6935679912567139 65
1755168402950 0.6930680274963379 71
1755168403329 0.6928203701972961 77
1755168403764 0.6920965313911438 83
1755168404165 0.6912911534309387 89
1755168404514 0.6902062296867371 95
1755168404896 0.6876830458641052 101
1755168405296 0.6838859915733337 107
1755168406126 0.6780071258544922 113
1755168406621 0.6707934737205505 119
1755168407126 0.6622191667556763 125
1755168407477 0.6525830626487732 131
1755168407778 0.6424701809883118 137
1755168408213 0.6312441825866699 143
1755168408614 0.6185072064399719 149
1755168409050 0.6064364314079285 155
1755168409439 0.5940669178962708 161
1755168409820 0.5854561924934387 167
1755168410176 0.5811497569084167 173
1755168410569 0.5792363286018372 179
1755168413919 0.5764296650886536 185
1755168416092 0.5723401308059692 209
1755168417260 0.5685219764709473 221
1755168417813 0.566734790802002 227
1755168418977 0.5648966431617737 239
1755168419536 0.5633017420768738 245
1755168420490 0.5622161030769348 257
1755168422763 0.5615431070327759 287
1755168423267 0.5608741044998169 293
1755168424812 0.5604010224342346 311
1755168425844 0.5597867369651794 323
1755168426735 0.5583806037902832 335
1755168428630 0.558222234249115 359
1755168430143 0.5570749640464783 377
1755168431552 0.5568379163742065 395
1755168432344 0.5566195249557495 407
1755168432761 0.5572872161865234 413
1755168433475 0.5571867823600769 419
1755168434487 0.5564835667610168 431
1755168434983 0.5567440390586853 437
1755168435396 0.5558448433876038 443
1755168436244 0.5561131834983826 455
1755168436809 0.5560035109519958 461
1755168438107 0.556585967540741 479
1755168438649 0.5558161735534668 485
1755168439310 0.5561496019363403 491
1755168439710 0.5563730001449585 497
1755168440561 0.5564559698104858 509
1755168441309 0.556242048740387 521
1755168441832 0.5558397769927979 527
1755168442636 0.5562113523483276 539
1755168443059 0.5567262768745422 545
1755168443487 0.5566554665565491 551
1755168443906 0.5589000582695007 557
1755168444336 0.5593811869621277 563
1755168445154 0.5585392117500305 575
1755168445557 0.5585905909538269 581
1755168446070 0.5575225353240967 587
1755168446424 0.5572291612625122 593
1755168447097 0.5572654604911804 605
1755168447683 0.5582194924354553 617
1755168447991 0.5575974583625793 623
1755168448861 0.5577912926673889 641
1755168449572 0.5571410059928894 653
1755168450287 0.5566825866699219 665
1755168450708 0.5560302138328552 671
1755168451636 0.5555664896965027 683
1755168452374 0.5558002591133118 695
1755168454137 0.5566052198410034 713
1755168454597 0.5578584671020508 719
1755168455443 0.5572361350059509 731
1755168456434 0.5566737055778503 743
1755168456901 0.5559748411178589 749
1755168457752 0.5551079511642456 761
1755168459523 0.5550791025161743 785
1755168459986 0.5546395778656006 791
1755168462259 0.5546373724937439 821
1755168463181 0.5548705458641052 833
1755168464168 0.5549226999282837 845
1755168465058 0.5549572110176086 857
1755168465477 0.5551145076751709 863
1755168466651 0.555548369884491 881
1755168467890 0.5561379194259644 905
1755168468605 0.5555551052093506 917
1755168470191 0.554858922958374 941
1755168470492 0.5548735857009888 947
1755168472088 0.554585337638855 971
1755168472643 0.5542288422584534 983
1755168474914 0.5547099709510803 1007
1755168475281 0.5548822283744812 1013
1755168477140 0.5544579029083252 1049
1755168480815 0.5542723536491394 1115
1755168483361 0.5539569854736328 1169
