1755173695103 1.1545279026031494 8
1755173695502 1.1083941459655762 17
1755173696131 1.0318673849105835 26
1755173696545 0.8720766305923462 35
1755173697066 0.647750973701477 44
1755173697479 0.47370532155036926 53
1755173698067 0.3558087944984436 62
1755173698470 0.2916661202907562 71
1755173699025 0.241305410861969 80
1755173699416 0.22989889979362488 89
1755173699988 0.20978114008903503 98
1755173700413 0.20403972268104553 107
1755173700984 0.1961222141981125 116
1755173701478 0.19778308272361755 125
1755173702018 0.19275957345962524 134
1755173702367 0.190664142370224 143
1755173705862 0.19576513767242432 152
1755173706206 0.19513896107673645 161
1755173706834 0.18564090132713318 170
1755173707176 0.17749342322349548 179
1755173707724 0.18270713090896606 188
1755173708086 0.19124473631381989 197
1755173708719 0.1943303346633911 206
1755173709087 0.2008434683084488 215
1755173709711 0.1833469122648239 224
1755173710237 0.1886856108903885 233
1755173710819 0.18978987634181976 242
1755173711221 0.1825958639383316 251
1755173711760 0.1807173192501068 260
1755173712222 0.1899798959493637 269
1755173712783 0.1879763901233673 278
1755173713167 0.18520480394363403 287
1755173713837 0.18454505503177643 296
1755173714419 0.18821564316749573 305
1755173715181 0.1855928897857666 314
1755173715859 0.18575870990753174 323
1755173716618 0.1888725459575653 332
1755173717197 0.1824391782283783 341
1755173717938 0.193548783659935 350
1755173718478 0.1921583116054535 359
1755173719233 0.18400751054286957 368
1755173719717 0.18562692403793335 377
1755173720303 0.18948717415332794 386
1755173720743 0.1838415563106537 395
1755173721473 0.19039514660835266 404
1755173722082 0.1907278448343277 413
1755173722900 0.18935011327266693 422
1755173723545 0.1803232729434967 431
1755173724320 0.18535828590393066 440
1755173724745 0.19533349573612213 449
1755173725337 0.194830060005188 458
1755173725779 0.18467751145362854 467
1755173726369 0.18969880044460297 476
1755173727012 0.18241211771965027 485
1755173728269 0.19272996485233307 494
1755173728704 0.18711546063423157 503
1755173729301 0.18679450452327728 512
1755173729729 0.18483085930347443 521
1755173730437 0.18325762450695038 530
1755173730993 0.18577563762664795 539
1755173732597 0.18586251139640808 548
1755173733024 0.189189612865448 557
1755173733558 0.1823427528142929 566
1755173733971 0.1852795034646988 575
1755173734678 0.1914428025484085 584
1755173735240 0.1834060549736023 593
1755173735916 0.1862397938966751 602
1755173736458 0.18539820611476898 611
1755173737179 0.18921755254268646 620
1755173737552 0.20373181998729706 629
1755173738060 0.1913880854845047 638
1755173738453 0.18939098715782166 647
1755173739581 0.18193602561950684 656
1755173740005 0.1828765571117401 665
1755173740507 0.17983391880989075 674
1755173740906 0.19595755636692047 683
1755173741432 0.18804389238357544 692
1755173741862 0.1867888867855072 701
1755173742646 0.1953776478767395 710
1755173743071 0.1819199025630951 719
1755173743604 0.19253988564014435 728
1755173743988 0.18740957975387573 737
1755173744641 0.19222183525562286 746
1755173745083 0.19176939129829407 755
1755173745605 0.18970461189746857 764
1755173745994 0.18924842774868011 773
1755173746541 0.1878076046705246 782
1755173746934 0.19142258167266846 791
1755173747486 0.186967670917511 800
1755173748028 0.1891573667526245 809
1755173748981 0.1880788654088974 818
1755173749460 0.1893983632326126 827
1755173750822 0.18442369997501373 836
1755173751319 0.18524272739887238 845
1755173751831 0.18738935887813568 854
1755173752307 0.19361746311187744 863
1755173752919 0.18720825016498566 872
1755173753437 0.1911337822675705 881
1755173754066 0.1944112777709961 890
1755173754543 0.18352636694908142 899
1755173755366 0.19081127643585205 908
1755173756034 0.1803302764892578 917
1755173756767 0.17938049137592316 926
1755173757155 0.1820666491985321 935
1755173757702 0.17919009923934937 944
1755173758249 0.1917937695980072 953
1755173758810 0.18427595496177673 962
1755173759197 0.19003114104270935 971
1755173759704 0.18903301656246185 980
1755173760180 0.1906324028968811 989
1755173760850 0.1902049034833908 998
1755173761770 0.19295796751976013 1007
1755173762529 0.18920066952705383 1016
1755173763191 0.18945389986038208 1025
1755173764045 0.19260165095329285 1034
1755173764564 0.18626537919044495 1043
1755173765365 0.18860433995723724 1052
1755173765952 0.19262264668941498 1061
1755173766851 0.1915549337863922 1070
1755173767463 0.19311606884002686 1079
1755173768341 0.18558575212955475 1088
1755173768982 0.18210028111934662 1097
1755173769680 0.18910987675189972 1106
1755173770206 0.18932239711284637 1115
1755173770858 0.19175976514816284 1124
1755173771264 0.1931094378232956 1133
1755173771983 0.18503662943840027 1142
1755173772413 0.19628280401229858 1151
1755173773161 0.1869402527809143 1160
1755173773774 0.18277153372764587 1169
1755173774505 0.18702682852745056 1178
1755173775029 0.1889517903327942 1187
1755173775667 0.19174431264400482 1196
