1755173695103 0.3237985074520111 8
1755173695502 0.28492486476898193 17
1755173696131 0.27652519941329956 26
1755173696545 0.3359488248825073 35
1755173697066 0.2682361900806427 44
1755173697479 0.28051337599754333 53
1755173698067 0.2768535614013672 62
1755173698470 0.25529545545578003 71
1755173699025 0.2963479161262512 80
1755173699416 0.2618899941444397 89
1755173699988 0.30562448501586914 98
1755173700413 0.3392994999885559 107
1755173700984 0.3025893568992615 116
1755173701478 0.24284373223781586 125
1755173702018 0.27256372570991516 134
1755173702367 0.3263344466686249 143
1755173705862 0.3022927939891815 152
1755173706206 0.2561776340007782 161
1755173706834 0.3065720796585083 170
1755173707176 0.33067652583122253 179
1755173707724 0.2425200343132019 188
1755173708086 0.3211495876312256 197
1755173708719 0.30597445368766785 206
1755173709087 0.19224201142787933 215
1755173709711 0.2374943494796753 224
1755173710237 0.29200559854507446 233
1755173710819 0.3197188675403595 242
1755173711221 0.3646170198917389 251
1755173711760 0.29768288135528564 260
1755173712222 0.301467627286911 269
1755173712783 0.29994720220565796 278
1755173713167 0.27721741795539856 287
1755173713837 0.3557945489883423 296
1755173714419 0.3404539227485657 305
1755173715181 0.3332163691520691 314
1755173715859 0.2950323820114136 323
1755173716618 0.26556748151779175 332
1755173717197 0.2927827835083008 341
1755173717938 0.3464132249355316 350
1755173718478 0.2342475801706314 359
1755173719233 0.32034164667129517 368
1755173719717 0.24022896587848663 377
1755173720303 0.31846821308135986 386
1755173720743 0.3631037473678589 395
1755173721473 0.28746452927589417 404
1755173722082 0.2725016474723816 413
1755173722900 0.33530133962631226 422
1755173723545 0.3375365138053894 431
1755173724320 0.3154119551181793 440
1755173724745 0.30151310563087463 449
1755173725337 0.33793288469314575 458
1755173725779 0.25019335746765137 467
1755173726369 0.2712089419364929 476
1755173727012 0.3357293903827667 485
1755173728269 0.2943945825099945 494
1755173728704 0.3250468373298645 503
1755173729301 0.29084956645965576 512
1755173729729 0.248365119099617 521
1755173730437 0.3141290843486786 530
1755173730993 0.33397597074508667 539
1755173732597 0.26695308089256287 548
1755173733024 0.37485599517822266 557
1755173733558 0.3034706115722656 566
1755173733971 0.2853873670101166 575
1755173734678 0.3274460434913635 584
1755173735240 0.29595082998275757 593
1755173735916 0.2813994884490967 602
1755173736458 0.30610552430152893 611
1755173737179 0.2675628662109375 620
1755173737552 0.18593691289424896 629
1755173738060 0.2782818078994751 638
1755173738453 0.26107072830200195 647
1755173739581 0.320838987827301 656
1755173740005 0.3402576148509979 665
1755173740507 0.31876665353775024 674
1755173740906 0.2353399395942688 683
1755173741432 0.22260043025016785 692
1755173741862 0.2542040944099426 701
1755173742646 0.2868417501449585 710
1755173743071 0.3507120609283447 719
1755173743604 0.3188640773296356 728
1755173743988 0.28842490911483765 737
1755173744641 0.25520411133766174 746
1755173745083 0.27827057242393494 755
1755173745605 0.28858110308647156 764
1755173745994 0.2733058035373688 773
1755173746541 0.25164949893951416 782
1755173746934 0.34450557827949524 791
1755173747486 0.24431335926055908 800
1755173748028 0.25235843658447266 809
1755173748981 0.3774344027042389 818
1755173749460 0.32182595133781433 827
1755173750822 0.3227027654647827 836
1755173751319 0.3197364807128906 845
1755173751831 0.25371724367141724 854
1755173752307 0.2659516930580139 863
1755173752919 0.37592557072639465 872
1755173753437 0.33809924125671387 881
1755173754066 0.26713430881500244 890
1755173754543 0.30647194385528564 899
1755173755366 0.25216764211654663 908
1755173756034 0.3224024772644043 917
1755173756767 0.389045774936676 926
1755173757155 0.2647305727005005 935
1755173757702 0.32629334926605225 944
1755173758249 0.2851492166519165 953
1755173758810 0.3384668827056885 962
1755173759197 0.3156697154045105 971
1755173759704 0.3143656253814697 980
1755173760180 0.3005703091621399 989
1755173760850 0.33328813314437866 998
1755173761770 0.34145671129226685 1007
1755173762529 0.28627628087997437 1016
1755173763191 0.36309415102005005 1025
1755173764045 0.2719253897666931 1034
1755173764564 0.34146997332572937 1043
1755173765365 0.3016781508922577 1052
1755173765952 0.23283778131008148 1061
1755173766851 0.25494712591171265 1070
1755173767463 0.22168713808059692 1079
1755173768341 0.298647940158844 1088
1755173768982 0.20366111397743225 1097
1755173769680 0.28115108609199524 1106
1755173770206 0.23612388968467712 1115
1755173770858 0.3787895441055298 1124
1755173771264 0.29549145698547363 1133
1755173771983 0.28219473361968994 1142
1755173772413 0.26051121950149536 1151
1755173773161 0.29111868143081665 1160
1755173773774 0.3340246379375458 1169
1755173774505 0.32860273122787476 1178
1755173775029 0.27685263752937317 1187
1755173775667 0.3270699977874756 1196
