1755173695103 1.5735626220703125e-05 8
1755173695502 4.017353057861328e-05 17
1755173696131 1.1920928955078125e-05 26
1755173696545 1.4185905456542969e-05 35
1755173697066 1.6450881958007812e-05 44
1755173697479 -3.0875205993652344e-05 53
1755173698067 1.7285346984863281e-06 62
1755173698470 2.205371856689453e-06 71
1755173699025 8.046627044677734e-06 80
1755173699416 -2.950429916381836e-05 89
1755173699988 5.424022674560547e-05 98
1755173700413 -1.2516975402832031e-05 107
1755173700984 -1.4185905456542969e-05 116
1755173701478 -9.059906005859375e-06 125
1755173702018 1.6391277313232422e-05 134
1755173702367 8.64267349243164e-06 143
1755173705862 1.823902130126953e-05 152
1755173706206 -4.798173904418945e-05 161
1755173706834 5.0067901611328125e-05 170
1755173707176 -0.0001195669174194336 179
1755173707724 -5.060434341430664e-05 188
1755173708086 4.827976226806641e-06 197
1755173708719 -6.687641143798828e-05 206
1755173709087 -0.00011748075485229492 215
1755173709711 -0.00011414289474487305 224
1755173710237 -0.0001266002655029297 233
1755173710819 -0.00016021728515625 242
1755173711221 -0.00024700164794921875 251
1755173711760 -0.0002682209014892578 260
1755173712222 -0.00033664703369140625 269
1755173712783 -0.000423431396484375 278
1755173713167 -0.0007119178771972656 287
1755173713837 -0.0002808570861816406 296
1755173714419 -0.0005259513854980469 305
1755173715181 -0.0005946159362792969 314
1755173715859 -0.0007343292236328125 323
1755173716618 -0.0003452301025390625 332
1755173717197 -0.0004475116729736328 341
1755173717938 -0.0004668235778808594 350
1755173718478 -0.0003905296325683594 359
1755173719233 -0.00028896331787109375 368
1755173719717 -0.00021398067474365234 377
1755173720303 -0.0001608133316040039 386
1755173720743 -0.0006995201110839844 395
1755173721473 -0.0008306503295898438 404
1755173722082 -0.0013256072998046875 413
1755173722900 -0.0011434555053710938 422
1755173723545 -0.000888824462890625 431
1755173724320 -0.000720977783203125 440
1755173724745 -0.0008802413940429688 449
1755173725337 -0.000579833984375 458
1755173725779 -0.0005536079406738281 467
1755173726369 -0.0005407333374023438 476
1755173727012 -0.000762939453125 485
1755173728269 -0.0007500648498535156 494
1755173728704 -0.001064300537109375 503
1755173729301 -0.0008721351623535156 512
1755173729729 -0.000995635986328125 521
1755173730437 -0.0009527206420898438 530
1755173730993 -0.0009069442749023438 539
1755173732597 -0.000446319580078125 548
1755173733024 -0.0007305145263671875 557
1755173733558 -0.00048828125 566
1755173733971 -0.0005044937133789062 575
1755173734678 -0.0003647804260253906 584
1755173735240 -0.000415802001953125 593
1755173735916 -0.0003662109375 602
1755173736458 -0.000614166259765625 611
1755173737179 -0.0006365776062011719 620
1755173737552 -0.0007677078247070312 629
1755173738060 -0.0005936622619628906 638
1755173738453 -0.0005121231079101562 647
1755173739581 -0.0006299018859863281 656
1755173740005 -0.0007376670837402344 665
1755173740507 -0.0005364418029785156 674
1755173740906 -0.0008530616760253906 683
1755173741432 -0.0006990432739257812 692
1755173741862 -0.0008339881896972656 701
1755173742646 -0.0005450248718261719 710
1755173743071 -0.0007433891296386719 719
1755173743604 -0.0007500648498535156 728
1755173743988 -0.0007348060607910156 737
1755173744641 -0.0003643035888671875 746
1755173745083 -0.0004477500915527344 755
1755173745605 -0.00010126829147338867 764
1755173745994 5.924701690673828e-05 773
1755173746541 0.0003249645233154297 782
1755173746934 0.0003559589385986328 791
1755173747486 0.0005626678466796875 800
1755173748028 0.0004839897155761719 809
1755173748981 0.0004601478576660156 818
1755173749460 0.0003859996795654297 827
1755173750822 0.0003428459167480469 836
1755173751319 0.00025963783264160156 845
1755173751831 7.957220077514648e-05 854
1755173752307 -2.4080276489257812e-05 863
1755173752919 -3.314018249511719e-05 872
1755173753437 -0.00010776519775390625 881
1755173754066 -4.708766937255859e-06 890
1755173754543 -0.0001518726348876953 899
1755173755366 0.0002911090850830078 908
1755173756034 9.85860824584961e-05 917
1755173756767 0.0002760887145996094 926
1755173757155 0.00016427040100097656 935
1755173757702 0.00034117698669433594 944
1755173758249 0.0002651214599609375 953
1755173758810 0.0004706382751464844 962
1755173759197 0.00038504600524902344 971
1755173759704 0.00049591064453125 980
1755173760180 0.000537872314453125 989
1755173760850 0.0004334449768066406 998
1755173761770 0.0004515647888183594 1007
1755173762529 0.0006093978881835938 1016
1755173763191 0.0006213188171386719 1025
1755173764045 0.0007762908935546875 1034
1755173764564 0.0006051063537597656 1043
1755173765365 0.0006208419799804688 1052
1755173765952 0.0005393028259277344 1061
1755173766851 0.0005903244018554688 1070
1755173767463 0.00099945068359375 1079
1755173768341 0.0008687973022460938 1088
1755173768982 0.001285552978515625 1097
1755173769680 0.0008225440979003906 1106
1755173770206 0.0010528564453125 1115
1755173770858 0.00147247314453125 1124
1755173771264 0.0013790130615234375 1133
1755173771983 0.0014057159423828125 1142
1755173772413 0.0016756057739257812 1151
1755173773161 0.0015239715576171875 1160
1755173773774 0.0020847320556640625 1169
1755173774505 0.0020694732666015625 1178
1755173775029 0.0024890899658203125 1187
1755173775667 0.0023956298828125 1196
