1755173695103 0.11869083344936371 8
1755173695502 0.11368896812200546 17
1755173696131 0.10595211386680603 26
1755173696545 0.09056733548641205 35
1755173697066 0.06745776534080505 44
1755173697479 0.0501750111579895 53
1755173698067 0.03834947571158409 62
1755173698470 0.0317196249961853 71
1755173699025 0.027094319462776184 80
1755173699416 0.025607716292142868 89
1755173699988 0.02403656393289566 98
1755173700413 0.023796429857611656 107
1755173700984 0.022637398913502693 116
1755173701478 0.022206269204616547 125
1755173702018 0.022002488374710083 134
1755173702367 0.02233029529452324 143
1755173705862 0.022600574418902397 152
1755173706206 0.022072453051805496 161
1755173706834 0.021633386611938477 170
1755173707176 0.021047167479991913 179
1755173707724 0.020691920071840286 188
1755173708086 0.022336388006806374 197
1755173708719 0.022487057372927666 206
1755173709087 0.021996216848492622 215
1755173709711 0.020698966458439827 224
1755173710237 0.021776339039206505 233
1755173710819 0.02216014266014099 242
1755173711221 0.02188108116388321 251
1755173711760 0.021021738648414612 260
1755173712222 0.021978989243507385 269
1755173712783 0.0217547919601202 278
1755173713167 0.02122148685157299 287
1755173713837 0.02198437601327896 296
1755173714419 0.022173533216118813 305
1755173715181 0.021831968799233437 314
1755173715859 0.021452762186527252 323
1755173716618 0.021508418023586273 332
1755173717197 0.02112698368728161 341
1755173717938 0.02277234010398388 350
1755173718478 0.021519266068935394 359
1755173719233 0.021575259044766426 368
1755173719717 0.02094358392059803 377
1755173720303 0.022117305546998978 386
1755173720743 0.02194521762430668 395
1755173721473 0.021831071004271507 404
1755173722082 0.021665239706635475 413
1755173722900 0.022173702716827393 422
1755173723545 0.021318821236491203 431
1755173724320 0.0216178260743618 440
1755173724745 0.022460443899035454 449
1755173725337 0.022804338485002518 458
1755173725779 0.020914312452077866 467
1755173726369 0.02162790857255459 476
1755173727012 0.02152221091091633 485
1755173728269 0.0221419595181942 494
1755173728704 0.021855561062693596 503
1755173729301 0.02150074578821659 512
1755173729729 0.02086719684302807 521
1755173730437 0.021371806040406227 530
1755173730993 0.0218266062438488 539
1755173732597 0.021211137995123863 548
1755173733024 0.022594446316361427 557
1755173733558 0.021220164373517036 566
1755173733971 0.02133139967918396 575
1755173734678 0.022382263094186783 584
1755173735240 0.021258510649204254 593
1755173735916 0.021401377394795418 602
1755173736458 0.021539483219385147 611
1755173737179 0.021533725783228874 620
1755173737552 0.022155780345201492 629
1755173738060 0.02186226099729538 638
1755173738453 0.021498605608940125 647
1755173739581 0.021338989958167076 656
1755173740005 0.021616442129015923 665
1755173740507 0.02111741341650486 674
1755173740906 0.02186386100947857 683
1755173741432 0.020960478112101555 692
1755173741862 0.0211375430226326 701
1755173742646 0.0223517045378685 710
1755173743071 0.021624784916639328 719
1755173743604 0.022367648780345917 728
1755173743988 0.021551713347434998 737
1755173744641 0.021737806499004364 746
1755173745083 0.021914882585406303 755
1755173745605 0.021846139803528786 764
1755173745994 0.02166380174458027 773
1755173746541 0.021329740062355995 782
1755173746934 0.02262289822101593 791
1755173747486 0.021196167916059494 800
1755173748028 0.02148772031068802 809
1755173748981 0.022628244012594223 818
1755173749460 0.02219671942293644 827
1755173750822 0.021703669801354408 836
1755173751319 0.02174762450158596 845
1755173751831 0.02128409594297409 854
1755173752307 0.022018879652023315 863
1755173752919 0.022476743906736374 872
1755173753437 0.02248358353972435 881
1755173754066 0.02211199328303337 890
1755173754543 0.021402157843112946 899
1755173755366 0.021631892770528793 908
1755173756034 0.021266886964440346 917
1755173756767 0.021856103092432022 926
1755173757155 0.020870421081781387 935
1755173757702 0.02121603675186634 944
1755173758249 0.022057393565773964 953
1755173758810 0.02185935154557228 962
1755173759197 0.02219831570982933 971
1755173759704 0.022096548229455948 980
1755173760180 0.022122707217931747 989
1755173760850 0.02239670418202877 998
1755173761770 0.022755544632673264 1007
1755173762529 0.021843746304512024 1016
1755173763191 0.022638440132141113 1025
1755173764045 0.022057024762034416 1034
1755173764564 0.022101737558841705 1043
1755173765365 0.021939324215054512 1052
1755173765952 0.021644584834575653 1061
1755173766851 0.02176397293806076 1070
1755173767463 0.02162843570113182 1079
1755173768341 0.021631957963109016 1088
1755173768982 0.020375147461891174 1097
1755173769680 0.021804751828312874 1106
1755173770206 0.021398741751909256 1115
1755173770858 0.023111095651984215 1124
1755173771264 0.022403784096240997 1133
1755173771983 0.02146615833044052 1142
1755173772413 0.022401001304388046 1151
1755173773161 0.021757561713457108 1160
1755173773774 0.021825896576046944 1169
1755173774505 0.022195659577846527 1178
1755173775029 0.02191261388361454 1187
1755173775667 0.022684743627905846 1196
