1751891873038 2.638946533203125 8
1751891874651 1.3623828887939453 17
1751891877765 1.1452722549438477 26
1751891879411 0.7019453048706055 35
1751891885427 0.5363655090332031 44
1751891887456 0.489945650100708 53
1751891890460 0.49104881286621094 62
1751891892159 0.48482513427734375 71
1751891896115 0.3916335105895996 80
1751891899439 0.4303250312805176 89
1751891902159 0.5172863006591797 98
1751891903751 0.5416841506958008 107
1751891909535 0.5080986022949219 116
1751891911257 0.4223151206970215 125
1751891914143 0.4143075942993164 134
1751891916030 0.4804363250732422 143
1751891918980 0.6209080219268799 152
1751891920768 0.5764212608337402 161
1751891922735 0.3380436897277832 170
1751891924485 0.4032273292541504 179
1751891926206 0.530799388885498 188
1751891927739 0.485379695892334 197
1751891930172 0.7347393035888672 206
1751891931198 0.581305980682373 215
1751891933744 0.5280623435974121 224
1751891935349 0.8228611946105957 233
1751891937592 0.6438241004943848 242
1751891939339 0.5147557258605957 251
1751891940967 0.6052818298339844 260
1751891941930 0.7084312438964844 269
1751891944761 0.7159996032714844 278
1751891945768 0.5271058082580566 287
1751891948087 0.5855545997619629 296
1751891950015 0.3465695381164551 305
1751891951819 0.4349063038825989 314
1751891952852 0.5249500274658203 323
1751891955032 0.3645439147949219 332
1751891956013 0.4450349807739258 341
1751891957636 0.37962961196899414 350
1751891958615 0.5253982543945312 359
1751891961068 0.4912228584289551 368
1751891962087 0.5281972885131836 377
1751891964172 0.37273573875427246 386
1751891965184 0.47094130516052246 395
1751891967823 0.3559911251068115 404
1751891968816 0.48702526092529297 413
1751891970588 0.37785792350769043 422
1751891971572 0.4770212173461914 431
1751891974385 0.3816545009613037 440
1751891975368 0.3972492218017578 449
1751891977098 0.46714192628860474 458
1751891978088 0.250948429107666 467
1751891979796 0.3052027225494385 476
1751891980786 0.3761589527130127 485
1751891982480 0.3294053077697754 494
1751891984117 0.39029741287231445 503
1751891986400 0.2600531578063965 512
1751891987375 0.2553131580352783 521
1751891989096 0.35260009765625 530
1751891990078 0.28660058975219727 539
1751891991678 0.29070186614990234 548
1751891992676 0.39845752716064453 557
1751891994362 0.30815839767456055 566
1751891995327 0.5668463706970215 575
1751891996923 0.2978706359863281 584
1751891997904 0.2461404800415039 593
1751891999556 0.27371954917907715 602
1751892000541 0.3328220844268799 611
1751892002112 0.3480100631713867 620
1751892003088 0.22235679626464844 629
1751892004878 0.2426586151123047 638
1751892005875 0.3886600732803345 647
1751892007437 0.2822888493537903 656
1751892008439 0.30362701416015625 665
1751892010041 0.21277165412902832 674
1751892011024 0.3475494384765625 683
1751892012813 0.33684659004211426 692
1751892013814 0.365109920501709 701
1751892015656 0.31860029697418213 710
1751892016630 0.3040733337402344 719
1751892018265 0.21658992767333984 728
1751892019242 0.24750232696533203 737
1751892020817 0.23826885223388672 746
1751892021928 0.17478585243225098 755
1751892023498 0.38074588775634766 764
1751892024527 0.20276641845703125 773
1751892026106 0.30211925506591797 782
1751892027090 0.18777036666870117 791
1751892028786 0.35256290435791016 800
1751892029776 0.2456798553466797 809
1751892031340 0.18319034576416016 818
1751892032445 0.22825002670288086 827
1751892034222 0.21508455276489258 836
1751892035190 0.3588733673095703 845
1751892036805 0.2480909824371338 854
1751892037801 0.26201725006103516 863
1751892039363 0.20885539054870605 872
1751892040328 0.2894461154937744 881
1751892041976 0.22248506546020508 890
1751892042957 0.2358105182647705 899
1751892044570 0.22666478157043457 908
1751892045506 0.23561477661132812 917
1751892047335 0.2553277015686035 926
