1751891873038 0.21646805107593536 8
1751891874651 0.3124346137046814 17
1751891877765 0.31039804220199585 26
1751891879411 0.3091188669204712 35
1751891885427 0.3089647889137268 44
1751891887456 0.25690239667892456 53
1751891890460 0.29435378313064575 62
1751891892159 0.21796779334545135 71
1751891896115 0.22908130288124084 80
1751891899439 0.327160120010376 89
1751891902159 0.22590342164039612 98
1751891903751 0.2697587013244629 107
1751891909535 0.17691588401794434 116
1751891911257 0.19277700781822205 125
1751891914143 0.16314932703971863 134
1751891916030 0.15474067628383636 143
1751891918980 0.09636295586824417 152
1751891920768 0.08893890678882599 161
1751891922735 0.09646548330783844 170
1751891924485 0.09597314894199371 179
1751891926206 0.1192634180188179 188
1751891927739 0.1089918240904808 197
1751891930172 0.06588287651538849 206
1751891931198 0.09406822174787521 215
1751891933744 0.09408113360404968 224
1751891935349 0.13829562067985535 233
1751891937592 0.09925111383199692 242
1751891939339 0.1165391206741333 251
1751891940967 0.08627878129482269 260
1751891941930 0.11668245494365692 269
1751891944761 0.10621728003025055 278
1751891945768 0.0636790469288826 287
1751891948087 0.058125998824834824 296
1751891950015 0.08192809671163559 305
1751891951819 0.08909344673156738 314
1751891952852 0.07220626622438431 323
1751891955032 0.0666639432311058 332
1751891956013 0.06375204771757126 341
1751891957636 0.06919638812541962 350
1751891958615 0.060336947441101074 359
1751891961068 0.13007059693336487 368
1751891962087 0.05172805115580559 377
1751891964172 0.08571401238441467 386
1751891965184 0.057894133031368256 395
1751891967823 0.04478496313095093 404
1751891968816 0.06675626337528229 413
1751891970588 0.055913813412189484 422
1751891971572 0.054060112684965134 431
1751891974385 0.06938515603542328 440
1751891975368 0.07505909353494644 449
1751891977098 0.038052886724472046 458
1751891978088 0.06850117444992065 467
1751891979796 0.05318228527903557 476
1751891980786 0.049937810748815536 485
1751891982480 0.042343467473983765 494
1751891984117 0.033890094608068466 503
1751891986400 0.06200976297259331 512
1751891987375 0.05072363466024399 521
1751891989096 0.050676003098487854 530
1751891990078 0.0374116376042366 539
1751891991678 0.04477456957101822 548
1751891992676 0.038888074457645416 557
1751891994362 0.04821186140179634 566
1751891995327 0.06335145980119705 575
1751891996923 0.027156317606568336 584
1751891997904 0.05050080269575119 593
1751891999556 0.0330241434276104 602
1751892000541 0.049822673201560974 611
1751892002112 0.025584867224097252 620
1751892003088 0.04195157811045647 629
1751892004878 0.02631675824522972 638
1751892005875 0.04712524265050888 647
1751892007437 0.03387157618999481 656
1751892008439 0.03523216024041176 665
1751892010041 0.025349190458655357 674
1751892011024 0.021687284111976624 683
1751892012813 0.025332417339086533 692
1751892013814 0.02140987291932106 701
1751892015656 0.04871778562664986 710
1751892016630 0.04312398284673691 719
1751892018265 0.018068883568048477 728
1751892019242 0.01915576308965683 737
1751892020817 0.024680057540535927 746
1751892021928 0.025060810148715973 755
1751892023498 0.04451066628098488 764
1751892024527 0.028486963361501694 773
1751892026106 0.018931344151496887 782
1751892027090 0.03435131907463074 791
1751892028786 0.027214007452130318 800
1751892029776 0.016734277829527855 809
1751892031340 0.0231219120323658 818
1751892032445 0.01859719678759575 827
1751892034222 0.013861175626516342 836
1751892035190 0.04885047674179077 845
1751892036805 0.028714971616864204 854
1751892037801 0.023311585187911987 863
1751892039363 0.01424427330493927 872
1751892040328 0.03375965356826782 881
1751892041976 0.026255233213305473 890
1751892042957 0.016561754047870636 899
1751892044570 0.01779208518564701 908
1751892045506 0.013886447064578533 917
1751892047335 0.020376285538077354 926
