1751891873038 0.01823318749666214 8
1751891874651 0.018165135756134987 17
1751891877765 0.017314720898866653 26
1751891879411 0.017397897318005562 35
1751891885427 0.01641247421503067 44
1751891887456 0.015306767076253891 53
1751891890460 0.013675644062459469 62
1751891892159 0.012692566961050034 71
1751891896115 0.010553615167737007 80
1751891899439 0.008811688050627708 89
1751891902159 0.007021646946668625 98
1751891903751 0.0051213158294558525 107
1751891909535 0.003151245880872011 116
1751891911257 0.0019750790670514107 125
1751891914143 0.0011115390807390213 134
1751891916030 0.0008606295450590551 143
1751891918980 0.0005366899422369897 152
1751891920768 0.00045461516128852963 161
1751891922735 0.00041749433148652315 170
1751891924485 0.00038926416891627014 179
1751891926206 0.0003007316554430872 188
1751891927739 0.00032827124232426286 197
1751891930172 0.00027068424969911575 206
1751891931198 0.0002648528607096523 215
1751891933744 0.00025956539320759475 224
1751891935349 0.0002319516206625849 233
1751891937592 0.00026049671578221023 242
1751891939339 0.00026959157548844814 251
1751891940967 0.00028098170878365636 260
1751891941930 0.00023169320775195956 269
1751891944761 0.00023551116464659572 278
1751891945768 0.00022674197680316865 287
1751891948087 0.00022885543876327574 296
1751891950015 0.00023112558119464666 305
1751891951819 0.00023016479099169374 314
1751891952852 0.00022028328385204077 323
1751891955032 0.000175704451976344 332
1751891956013 0.00018498640565667301 341
1751891957636 0.00019240702386014163 350
1751891958615 0.00017336723976768553 359
1751891961068 0.0002024175482802093 368
1751891962087 0.00017331121489405632 377
1751891964172 0.00022482412168756127 386
1751891965184 0.00019610990420915186 395
1751891967823 0.00016954453894868493 404
1751891968816 0.00020263507030904293 413
1751891970588 0.00017751406994648278 422
1751891971572 0.00016417473671026528 431
1751891974385 0.00017543885041959584 440
1751891975368 0.00018460402498021722 449
1751891977098 0.000166603596881032 458
1751891978088 0.00018405797891318798 467
1751891979796 0.00016877274902071804 476
1751891980786 0.00017214658146258444 485
1751891982480 0.00016253028297796845 494
1751891984117 0.00019547023111954331 503
1751891986400 0.00016885873628780246 512
1751891987375 0.00017951102927327156 521
1751891989096 0.00015831724158488214 530
1751891990078 0.00017682102043181658 539
1751891991678 0.00015943947073537856 548
1751891992676 0.00018181762425228953 557
1751891994362 0.00018861377611756325 566
1751891995327 0.00017565699818078429 575
1751891996923 0.0001792908296920359 584
1751891997904 0.0001712404191493988 593
1751891999556 0.00016050499107223004 602
1751892000541 0.00016298392438329756 611
1751892002112 0.00016884264186955988 620
1751892003088 0.0001770168892107904 629
1751892004878 0.00015180211630649865 638
1751892005875 0.00017431833839509636 647
1751892007437 0.00017982785357162356 656
1751892008439 0.00016584142576903105 665
1751892010041 0.00017128486069850624 674
1751892011024 0.00017652721726335585 683
1751892012813 0.0001822424092097208 692
1751892013814 0.0001651560014579445 701
1751892015656 0.00015408862964250147 710
1751892016630 0.0001592256739968434 719
1751892018265 0.00017104428843595088 728
1751892019242 0.0001578100345795974 737
1751892020817 0.00014905535499565303 746
1751892021928 0.00016186863649636507 755
1751892023498 0.00015481779701076448 764
1751892024527 0.00016026821685954928 773
1751892026106 0.00014528764586430043 782
1751892027090 0.00015050559886731207 791
1751892028786 0.00015394517686218023 800
1751892029776 0.00014098132669460028 809
1751892031340 0.00014734925935044885 818
1751892032445 0.00014804297825321555 827
1751892034222 0.0001511874725110829 836
1751892035190 0.00014314905274659395 845
1751892036805 0.0001624669966986403 854
1751892037801 0.0001657860993873328 863
1751892039363 0.00015273950702976435 872
1751892040328 0.00015863955195527524 881
1751892041976 0.0001596270885784179 890
1751892042957 0.00015741499373689294 899
1751892044570 0.00014905839634593576 908
1751892045506 0.00015030095528345555 917
1751892047335 0.00014378665946424007 926
