1751891873038 1.1124461889266968 8
1751891874651 1.1061561107635498 17
1751891877765 1.1025913953781128 26
1751891879411 1.0897661447525024 35
1751891885427 1.0789986848831177 44
1751891887456 1.0591604709625244 53
1751891890460 1.052821397781372 62
1751891892159 0.983601987361908 71
1751891896115 0.9171878099441528 80
1751891899439 0.8584342002868652 89
1751891902159 0.5988562703132629 98
1751891903751 0.5093963742256165 107
1751891909535 0.3148123621940613 116
1751891911257 0.18497304618358612 125
1751891914143 0.2449878603219986 134
1751891916030 0.2286730855703354 143
1751891918980 0.09839871525764465 152
1751891920768 0.06597375124692917 161
1751891922735 0.08374419063329697 170
1751891924485 0.08516375720500946 179
1751891926206 0.044850487262010574 188
1751891927739 0.04581255838274956 197
1751891930172 0.06673338264226913 206
1751891931198 0.06009326130151749 215
1751891933744 0.07801767438650131 224
1751891935349 0.0693921223282814 233
1751891937592 0.012145872227847576 242
1751891939339 0.047033585608005524 251
1751891940967 0.027630791068077087 260
1751891941930 0.004305224400013685 269
1751891944761 0.03878175467252731 278
1751891945768 0.01907065510749817 287
1751891948087 0.010563308373093605 296
1751891950015 0.0058835651725530624 305
1751891951819 0.001660417066887021 314
1751891952852 0.004581874702125788 323
1751891955032 0.0004363003245089203 332
1751891956013 0.0344228595495224 341
1751891957636 0.007773575372993946 350
1751891958615 0.03609253093600273 359
1751891961068 0.01676180027425289 368
1751891962087 0.01187199354171753 377
1751891964172 0.0012155561707913876 386
1751891965184 0.0001614083448657766 395
1751891967823 0.0014196302508935332 404
1751891968816 0.0006526418728753924 413
1751891970588 0.002956907032057643 422
1751891971572 0.0005311239510774612 431
1751891974385 0.011019282042980194 440
1751891975368 0.005835712421685457 449
1751891977098 0.011657649651169777 458
1751891978088 0.013769278302788734 467
1751891979796 0.028171556070446968 476
1751891980786 0.027656521648168564 485
1751891982480 0.011035366915166378 494
1751891984117 0.0023589397314935923 503
1751891986400 0.007739555556327105 512
1751891987375 0.01007238682359457 521
1751891989096 5.071795385447331e-05 530
1751891990078 0.0005238268640823662 539
1751891991678 0.002207336015999317 548
1751891992676 0.00835860799998045 557
1751891994362 0.0003077454457525164 566
1751891995327 0.0008034798665903509 575
1751891996923 0.00019865803187713027 584
1751891997904 0.0014555595116689801 593
1751891999556 0.00019699674157891423 602
1751892000541 0.0005737837054766715 611
1751892002112 0.014451064169406891 620
1751892003088 0.0017512333579361439 629
1751892004878 0.005085811018943787 638
1751892005875 0.00048178466386161745 647
1751892007437 0.003733290359377861 656
1751892008439 0.06462126970291138 665
1751892010041 1.933287421707064e-05 674
1751892011024 0.0003203688538633287 683
1751892012813 0.0002193336986238137 692
1751892013814 0.0008542875293642282 701
1751892015656 0.032330721616744995 710
1751892016630 0.002199898473918438 719
1751892018265 0.0011225388152524829 728
1751892019242 0.00779992900788784 737
1751892020817 0.00021612027194350958 746
1751892021928 9.025247709359974e-05 755
1751892023498 0.014612315222620964 764
1751892024527 0.0004077443736605346 773
1751892026106 0.0642511174082756 782
1751892027090 0.0006090790266171098 791
1751892028786 0.0032800226472318172 800
1751892029776 0.015517381019890308 809
1751892031340 7.925446698209271e-05 818
1751892032445 0.0015905816107988358 827
1751892034222 0.001366220647469163 836
1751892035190 0.02235317975282669 845
1751892036805 0.00013275818491820246 854
1751892037801 0.0021527765784412622 863
1751892039363 3.531924448907375e-05 872
1751892040328 1.951679769263137e-05 881
1751892041976 0.0002883662236854434 890
1751892042957 7.072670996421948e-05 899
1751892044570 0.0006994630675762892 908
1751892045506 8.055987564148381e-05 917
1751892047335 0.03596583381295204 926
