1751891873038 3.7523045539855957 8
1751891874651 2.469447374343872 17
1751891877765 2.2487294673919678 26
1751891879411 2.2220189571380615 35
1751891885427 2.045408248901367 44
1751891887456 1.9067683219909668 53
1751891890460 1.953479528427124 62
1751891892159 1.7718695402145386 71
1751891896115 1.6275959014892578 80
1751891899439 1.7437008619308472 89
1751891902159 1.4303256273269653 98
1751891903751 1.4260936975479126 107
1751891909535 1.068845510482788 116
1751891911257 0.8751987814903259 125
1751891914143 0.8860031366348267 134
1751891916030 0.9241230487823486 143
1751891918980 0.8532039523124695 152
1751891920768 0.7659744024276733 161
1751891922735 0.5558215975761414 170
1751891924485 0.6217394471168518 179
1751891926206 0.7413493394851685 188
1751891927739 0.6826235055923462 197
1751891930172 0.8930127620697021 206
1751891931198 0.7720950245857239 215
1751891933744 0.7367933988571167 224
1751891935349 1.084389567375183 233
1751891937592 0.7938657999038696 242
1751891939339 0.723702609539032 251
1751891940967 0.7527878880500793 260
1751891941930 0.8748469352722168 269
1751891944761 0.9023535251617432 278
1751891945768 0.6346526741981506 287
1751891948087 0.6768798232078552 296
1751891950015 0.4662817418575287 305
1751891951819 0.5603495836257935 314
1751891952852 0.629854142665863 323
1751891955032 0.4576006531715393 332
1751891956013 0.5680334568023682 341
1751891957636 0.4835425913333893 350
1751891958615 0.6453213691711426 359
1751891961068 0.6886929273605347 368
1751891962087 0.6119401454925537 377
1751891964172 0.4930391013622284 386
1751891965184 0.5515408515930176 395
1751891967823 0.4196358919143677 404
1751891968816 0.5804279446601868 413
1751891970588 0.4585009217262268 422
1751891971572 0.5526625514030457 431
1751891974385 0.48907458782196045 440
1751891975368 0.5073686242103577 449
1751891977098 0.5316721796989441 458
1751891978088 0.359890878200531 467
1751891979796 0.40726521611213684 476
1751891980786 0.4731992483139038 485
1751891982480 0.39927366375923157 494
1751891984117 0.43974730372428894 503
1751891986400 0.3539470434188843 512
1751891987375 0.33586135506629944 521
1751891989096 0.4230594336986542 530
1751891990078 0.3391066789627075 539
1751891991678 0.35511940717697144 548
1751891992676 0.46084973216056824 557
1751891994362 0.3754529654979706 566
1751891995327 0.6556684374809265 575
1751891996923 0.33580467104911804 584
1751891997904 0.3177618980407715 593
1751891999556 0.31980273127555847 602
1751892000541 0.40261921286582947 611
1751892002112 0.39801284670829773 620
1751892003088 0.2823973298072815 629
1751892004878 0.28431206941604614 638
1751892005875 0.4546184241771698 647
1751892007437 0.3330865800380707 656
1751892008439 0.4172021746635437 665
1751892010041 0.24801543354988098 674
1751892011024 0.37800729274749756 683
1751892012813 0.37226763367652893 692
1751892013814 0.39571571350097656 701
1751892015656 0.4186190068721771 710
1751892016630 0.3661903738975525 719
1751892018265 0.24282287061214447 728
1751892019242 0.281921923160553 737
1751892020817 0.2727787494659424 746
1751892021928 0.20969945192337036 755
1751892023498 0.4572015702724457 764
1751892024527 0.2427571564912796 773
1751892026106 0.3926776647567749 782
1751892027090 0.2361088991165161 791
1751892028786 0.3936571478843689 800
1751892029776 0.28445208072662354 809
1751892031340 0.2153986394405365 818
1751892032445 0.2556838095188141 827
1751892034222 0.23571471869945526 836
1751892035190 0.44909828901290894 845
1751892036805 0.28812360763549805 854
1751892037801 0.2965634763240814 863
1751892039363 0.22868694365024567 872
1751892040328 0.33637353777885437 881
1751892041976 0.2592560052871704 890
1751892042957 0.25889721512794495 899
1751892044570 0.2520890235900879 908
1751892045506 0.25499433279037476 917
1751892047335 0.31960809230804443 926
