1755173871407 1.154918909072876 8
1755173871809 1.1130719184875488 17
1755173872387 1.0562283992767334 26
1755173872862 0.9702838063240051 35
1755173873440 0.8640071749687195 44
1755173873903 0.727611780166626 53
1755173874479 0.5885288715362549 62
1755173874886 0.5154989957809448 71
1755173875601 0.45039641857147217 80
1755173876147 0.41879796981811523 89
1755173876787 0.3715653717517853 98
1755173877317 0.3455455005168915 107
1755173877989 0.31822437047958374 116
1755173878483 0.3006705045700073 125
1755173879247 0.2812890410423279 134
1755173879728 0.26522576808929443 143
1755173880546 0.256017804145813 152
1755173882560 0.24775338172912598 161
1755173883287 0.23215973377227783 170
1755173883850 0.21827176213264465 179
1755173884552 0.21657513082027435 188
1755173885207 0.21882450580596924 197
1755173886042 0.217220738530159 206
1755173886559 0.21903091669082642 215
1755173888188 0.20130303502082825 224
1755173888867 0.20328107476234436 233
1755173889749 0.20227526128292084 242
1755173890296 0.19425874948501587 251
1755173891025 0.1904805302619934 260
1755173891634 0.19832661747932434 269
1755173892327 0.19542719423770905 278
1755173892876 0.1916048377752304 287
1755173893841 0.19044479727745056 296
1755173894532 0.19298844039440155 305
1755173895278 0.19016706943511963 314
1755173895808 0.18951381742954254 323
1755173896402 0.19210459291934967 332
1755173896831 0.18532828986644745 341
1755173897701 0.19570139050483704 350
1755173898518 0.19432733952999115 359
1755173899382 0.18601438403129578 368
1755173899854 0.18751472234725952 377
1755173900484 0.1909371018409729 386
1755173901236 0.18521234393119812 395
1755173901866 0.19175167381763458 404
1755173902477 0.19185476005077362 413
1755173903311 0.19035515189170837 422
1755173903873 0.18133211135864258 431
1755173904691 0.1863023191690445 440
1755173905328 0.19599764049053192 449
1755173906192 0.1954888552427292 458
1755173906749 0.1852208524942398 467
1755173907441 0.19019074738025665 476
1755173907837 0.18288488686084747 485
1755173908475 0.19308845698833466 494
1755173909160 0.1877191960811615 503
1755173910034 0.18741175532341003 512
1755173910624 0.18510973453521729 521
1755173911308 0.18360668420791626 530
1755173911739 0.18608984351158142 539
1755173912356 0.1861395239830017 548
1755173912800 0.18962375819683075 557
1755173913524 0.18268266320228577 566
1755173914087 0.18558333814144135 575
1755173914763 0.19161266088485718 584
1755173915158 0.1837475746870041 593
1755173915906 0.18662194907665253 602
1755173916302 0.1855582594871521 611
1755173917240 0.18936742842197418 620
1755173917784 0.2042829841375351 629
1755173918673 0.19175131618976593 638
1755173919291 0.18975552916526794 647
1755173920184 0.18206250667572021 656
1755173920665 0.1830320507287979 665
1755173922523 0.180134117603302 674
1755173923104 0.19599977135658264 683
1755173923858 0.1881251335144043 692
1755173924365 0.18719768524169922 701
1755173925138 0.19588394463062286 710
1755173925744 0.1820572465658188 719
1755173926541 0.19287517666816711 728
1755173927030 0.18778182566165924 737
1755173927749 0.19278396666049957 746
1755173928356 0.1918797641992569 755
1755173929461 0.1899750530719757 764
1755173930108 0.1901986002922058 773
1755173930779 0.18825358152389526 782
1755173931242 0.19195348024368286 791
1755173931907 0.18802659213542938 800
1755173933067 0.1915706843137741 809
1755173933938 0.1882651299238205 818
1755173934614 0.18990369141101837 827
1755173935573 0.18491435050964355 836
1755173936106 0.18624939024448395 845
1755173936942 0.18837514519691467 854
1755173937405 0.19378045201301575 863
1755173938154 0.18820618093013763 872
1755173938709 0.19153451919555664 881
1755173939659 0.19484852254390717 890
1755173940283 0.1834908425807953 899
1755173941092 0.19194088876247406 908
1755173941610 0.1814584881067276 917
1755173942555 0.17969657480716705 926
1755173943316 0.18271593749523163 935
1755173944349 0.17953114211559296 944
1755173944975 0.19263826310634613 953
1755173945909 0.18567810952663422 962
1755173946731 0.19064749777317047 971
1755173947665 0.19003835320472717 980
1755173948222 0.19181014597415924 989
1755173949015 0.19096362590789795 998
1755173949578 0.1934983879327774 1007
1755173950368 0.18988262116909027 1016
1755173951048 0.19035792350769043 1025
1755173951912 0.19274088740348816 1034
1755173952511 0.1867317110300064 1043
1755173953143 0.1895599067211151 1052
1755173953720 0.1930820643901825 1061
1755173954371 0.19173996150493622 1070
1755173955704 0.1934058666229248 1079
1755173956617 0.18595288693904877 1088
1755173957341 0.18202462792396545 1097
1755173958283 0.18911558389663696 1106
1755173958724 0.18928849697113037 1115
1755173959293 0.19166308641433716 1124
1755173959771 0.1929618865251541 1133
1755173960484 0.18468151986598969 1142
1755173961059 0.19493676722049713 1151
1755173961938 0.18630176782608032 1160
1755173962654 0.18239417672157288 1169
1755173963508 0.18688268959522247 1178
1755173964166 0.1882515549659729 1187
1755173965030 0.19130517542362213 1196
1755173966500 0.18435664474964142 1205
1755173967507 0.18923217058181763 1214
1755173968200 0.19134962558746338 1223
1755173969067 0.18364405632019043 1232
1755173969665 0.19009515643119812 1241
1755173970430 0.19364024698734283 1250
1755173971311 0.1823287457227707 1259
1755173971974 0.18706773221492767 1268
1755173972511 0.18744364380836487 1277
1755173973256 0.18024536967277527 1286
1755173973807 0.1840808242559433 1295
1755173974499 0.1918312907218933 1304
1755173975084 0.19033470749855042 1313
1755173975812 0.1905735284090042 1322
1755173976331 0.18029175698757172 1331
1755173977336 0.18262048065662384 1340
1755173978011 0.19009654223918915 1349
1755173979005 0.18768861889839172 1358
1755173979636 0.18540583550930023 1367
1755173980450 0.19749745726585388 1376
1755173981068 0.19108928740024567 1385
1755173981969 0.18379341065883636 1394
1755173982438 0.17834287881851196 1403
1755173982986 0.18807145953178406 1412
1755173983388 0.18723013997077942 1421
1755173984127 0.1837967336177826 1430
1755173984775 0.18844729661941528 1439
1755173985531 0.18449974060058594 1448
1755173986052 0.18709813058376312 1457
1755173986806 0.17695169150829315 1466
1755173987319 0.18497595191001892 1475
1755173988457 0.1914963275194168 1484
1755173988877 0.18392053246498108 1493
1755173989471 0.18392594158649445 1502
1755173990084 0.18129375576972961 1511
1755173990662 0.184480220079422 1520
1755173991233 0.18867522478103638 1529
1755173991948 0.18365351855754852 1538
1755173992353 0.18776577711105347 1547
1755173992926 0.18887700140476227 1556
1755173994252 0.18393675982952118 1565
1755173994902 0.18470121920108795 1574
1755173995306 0.18706583976745605 1583
1755173995842 0.18485763669013977 1592
1755173996253 0.18755726516246796 1601
1755173996934 0.18812449276447296 1610
1755173997322 0.17936639487743378 1619
1755173997883 0.18161611258983612 1628
1755173998256 0.1850704401731491 1637
1755173998842 0.1979997754096985 1646
1755173999433 0.18080081045627594 1655
1755174000553 0.1807863563299179 1664
1755174001043 0.1887933611869812 1673
1755174001712 0.18314291536808014 1682
1755174002091 0.18809053301811218 1691
1755174002875 0.19113098084926605 1700
1755174003554 0.18812596797943115 1709
1755174004113 0.18650537729263306 1718
1755174004487 0.18019218742847443 1727
1755174005122 0.1839929074048996 1736
1755174005682 0.18004962801933289 1745
1755174006239 0.1768837571144104 1754
1755174006637 0.18710477650165558 1763
1755174007365 0.18839210271835327 1772
1755174007952 0.1885460466146469 1781
1755174008713 0.18801619112491608 1790
1755174009263 0.17691539227962494 1799
1755174009939 0.18293450772762299 1808
1755174010322 0.19244998693466187 1817
1755174011596 0.17485208809375763 1826
1755174012059 0.18486756086349487 1835
1755174012720 0.1822647601366043 1844
1755174013131 0.18213094770908356 1853
1755174014015 0.18487919867038727 1862
1755174014560 0.1880311816930771 1871
1755174015259 0.18837596476078033 1880
1755174015698 0.1815819889307022 1889
1755174016408 0.1852787286043167 1898
1755174016796 0.19169969856739044 1907
1755174017325 0.1826876848936081 1916
1755174017842 0.1914229840040207 1925
1755174018639 0.18276996910572052 1934
1755174019185 0.18213196098804474 1943
1755174019808 0.1831946074962616 1952
1755174020193 0.18344740569591522 1961
1755174020758 0.1878231316804886 1970
1755174021152 0.1863241344690323 1979
1755174022292 0.17742767930030823 1988
1755174022910 0.18422208726406097 1997
1755174023522 0.1849178969860077 2006
1755174023914 0.18029503524303436 2015
1755174024412 0.1814049780368805 2024
1755174024812 0.18485631048679352 2033
1755174025368 0.18730419874191284 2042
1755174025770 0.18535026907920837 2051
1755174026302 0.1743634194135666 2060
1755174026756 0.1841423362493515 2069
1755174027530 0.18238386511802673 2078
1755174028075 0.179987832903862 2087
1755174028584 0.18960928916931152 2096
1755174029077 0.17872729897499084 2105
1755174029624 0.18265850841999054 2114
1755174030014 0.1828562170267105 2123
1755174030602 0.18882852792739868 2132
1755174031002 0.19104242324829102 2141
1755174031576 0.17939278483390808 2150
1755174031967 0.18022838234901428 2159
1755174033061 0.18791861832141876 2168
1755174033502 0.18664424121379852 2177
1755174034082 0.18410062789916992 2186
1755174034630 0.18647092580795288 2195
1755174035269 0.17737063765525818 2204
1755174035750 0.17725376784801483 2213
1755174036376 0.18003727495670319 2222
1755174036782 0.1749764382839203 2231
1755174037568 0.18557104468345642 2240
1755174038010 0.18905143439769745 2249
1755174038668 0.18478204309940338 2258
1755174039076 0.19075332581996918 2267
1755174039684 0.18542620539665222 2276
1755174040098 0.1882438063621521 2285
1755174040716 0.18273301422595978 2294
1755174041151 0.18574929237365723 2303
1755174041828 0.17711105942726135 2312
1755174042484 0.18574102222919464 2321
1755174043085 0.1871727854013443 2330
1755174043616 0.18176166713237762 2339
1755174044307 0.18611836433410645 2348
1755174044813 0.19212670624256134 2357
1755174045469 0.18056730926036835 2366
1755174046095 0.18221129477024078 2375
1755174046919 0.17828011512756348 2384
1755174047401 0.17931213974952698 2393
1755174047986 0.1830376833677292 2402
1755174048380 0.18309320509433746 2411
1755174049055 0.1939581334590912 2420
1755174049493 0.18133394420146942 2429
1755174050383 0.18686871230602264 2438
1755174050885 0.17594517767429352 2447
1755174051737 0.18778926134109497 2456
1755174052255 0.1828373670578003 2465
1755174053046 0.18186557292938232 2474
1755174053491 0.17082969844341278 2483
1755174054257 0.18424271047115326 2492
1755174054742 0.1820126175880432 2501
1755174055512 0.18150858581066132 2510
1755174056070 0.1784314215183258 2519
1755174056742 0.18515899777412415 2528
1755174057345 0.17999602854251862 2537
1755174057910 0.1838800460100174 2546
1755174058451 0.17757311463356018 2555
1755174059031 0.18617287278175354 2564
1755174059587 0.18595856428146362 2573
1755174060277 0.18386679887771606 2582
1755174060844 0.18298397958278656 2591
1755174061574 0.18939386308193207 2600
1755174061982 0.18414360284805298 2609
1755174062754 0.18543192744255066 2618
1755174063393 0.17830176651477814 2627
1755174064435 0.18591472506523132 2636
1755174065063 0.18157996237277985 2645
1755174065691 0.18277142941951752 2654
1755174066131 0.1766551434993744 2663
1755174066771 0.18545618653297424 2672
1755174067263 0.17864783108234406 2681
1755174067886 0.17234539985656738 2690
1755174068455 0.18138141930103302 2699
1755174069084 0.17894746363162994 2708
1755174069544 0.17372062802314758 2717
1755174070198 0.17948754131793976 2726
1755174070765 0.18842901289463043 2735
1755174071432 0.17844751477241516 2744
1755174071833 0.185873344540596 2753
1755174072376 0.18448284268379211 2762
1755174072784 0.1841767132282257 2771
1755174073407 0.18033728003501892 2780
1755174073917 0.18189366161823273 2789
1755174074684 0.17463214695453644 2798
1755174075110 0.17251868546009064 2807
1755174075697 0.1825258433818817 2816
1755174076111 0.18105435371398926 2825
1755174076658 0.18368344008922577 2834
1755174077067 0.18216846883296967 2843
1755174077578 0.18722021579742432 2852
1755174079067 0.1831274926662445 2861
1755174079728 0.1862044334411621 2870
1755174080131 0.17837756872177124 2879
1755174080758 0.18141524493694305 2888
1755174081224 0.1762305349111557 2897
1755174081910 0.18137887120246887 2906
1755174082469 0.1735256165266037 2915
1755174083010 0.18682298064231873 2924
1755174083438 0.18339219689369202 2933
1755174084087 0.1777646392583847 2942
1755174084477 0.1728433072566986 2951
1755174085015 0.18019725382328033 2960
1755174085448 0.1875685453414917 2969
1755174086016 0.17701953649520874 2978
1755174086531 0.18076874315738678 2987
1755174087215 0.18193435668945312 2996
1755174087776 0.18278907239437103 3005
1755174088375 0.17310167849063873 3014
1755174088774 0.1840507984161377 3023
1755174089356 0.18364354968070984 3032
1755174089832 0.17480899393558502 3041
1755174090588 0.17950527369976044 3050
1755174090979 0.18406926095485687 3059
1755174091508 0.17595109343528748 3068
1755174091918 0.18819694221019745 3077
1755174092465 0.18695110082626343 3086
1755174092846 0.16856533288955688 3095
1755174093487 0.18956893682479858 3104
1755174094017 0.17951981723308563 3113
1755174095365 0.17638780176639557 3122
1755174095811 0.17590433359146118 3131
1755174096424 0.16739578545093536 3140
1755174096960 0.16828614473342896 3149
1755174097509 0.1882667988538742 3158
1755174097895 0.1744386851787567 3167
1755174098453 0.1793358027935028 3176
1755174098841 0.1822713166475296 3185
1755174099455 0.1813754141330719 3194
1755174099895 0.1808931827545166 3203
1755174100644 0.18565408885478973 3212
1755174101216 0.175853431224823 3221
1755174101741 0.1795121431350708 3230
1755174102126 0.18189477920532227 3239
1755174102706 0.1877305805683136 3248
1755174103111 0.17947685718536377 3257
1755174103688 0.18610717356204987 3266
1755174104087 0.17893527448177338 3275
1755174104779 0.18283198773860931 3284
1755174105316 0.1861879676580429 3293
1755174106617 0.17527621984481812 3302
1755174107152 0.18736369907855988 3311
1755174107826 0.1771446317434311 3320
1755174108267 0.18577784299850464 3329
1755174108780 0.18059669435024261 3338
1755174109182 0.18190360069274902 3347
1755174109710 0.18128405511379242 3356
1755174110148 0.17966240644454956 3365
1755174110785 0.17787642776966095 3374
1755174111189 0.18239615857601166 3383
1755174111921 0.1833079755306244 3392
1755174112324 0.1816929131746292 3401
1755174112990 0.18118137121200562 3410
1755174113533 0.17922569811344147 3419
1755174114215 0.1824428290128708 3428
1755174114761 0.18203648924827576 3437
1755174115310 0.17731843888759613 3446
1755174115700 0.18616174161434174 3455
1755174116237 0.17927132546901703 3464
1755174116627 0.17807637155056 3473
1755174117331 0.18176418542861938 3482
1755174118471 0.17699281871318817 3491
1755174119026 0.180186927318573 3500
1755174119418 0.182650625705719 3509
1755174119967 0.1825108826160431 3518
1755174120379 0.18593284487724304 3527
1755174120893 0.18187344074249268 3536
1755174121294 0.17981263995170593 3545
1755174122006 0.18325765430927277 3554
1755174122544 0.18468160927295685 3563
1755174123230 0.1873788684606552 3572
1755174123603 0.1870787888765335 3581
1755174124172 0.1796320229768753 3590
1755174124577 0.18258868157863617 3599
1755174125181 0.17685408890247345 3608
1755174125722 0.18590466678142548 3617
1755174126406 0.17543581128120422 3626
1755174126929 0.17672988772392273 3635
1755174127615 0.18233299255371094 3644
1755174128139 0.1865568906068802 3653
1755174128988 0.17534290254116058 3662
1755174129523 0.17680957913398743 3671
1755174130190 0.17743179202079773 3680
1755174130722 0.1807350367307663 3689
1755174131453 0.1754111349582672 3698
1755174131847 0.18218639492988586 3707
1755174132356 0.1770981401205063 3716
1755174132756 0.17721937596797943 3725
1755174133363 0.17948654294013977 3734
1755174133786 0.181523859500885 3743
1755174134324 0.18408352136611938 3752
1755174134740 0.1799430549144745 3761
1755174135349 0.18014898896217346 3770
1755174135875 0.18376657366752625 3779
1755174136434 0.1839464008808136 3788
1755174136829 0.17958377301692963 3797
1755174137491 0.18072126805782318 3806
1755174137962 0.17959906160831451 3815
1755174138710 0.18113766610622406 3824
1755174139095 0.18000607192516327 3833
1755174139749 0.17811085283756256 3842
1755174140259 0.1820487529039383 3851
1755174140948 0.18602515757083893 3860
1755174141558 0.1801164448261261 3869
1755174143125 0.1710510402917862 3878
1755174143787 0.17175374925136566 3887
1755174144296 0.1848302185535431 3896
1755174144671 0.17801910638809204 3905
1755174145204 0.1735968440771103 3914
1755174145613 0.17395326495170593 3923
1755174146157 0.18605123460292816 3932
1755174146576 0.1747063249349594 3941
1755174147125 0.18255391716957092 3950
1755174147524 0.1766703575849533 3959
1755174148122 0.19006136059761047 3968
1755174148670 0.188477024435997 3977
1755174149297 0.1766887754201889 3986
1755174149672 0.178601935505867 3995
1755174150297 0.1828073263168335 4004
1755174152074 0.17008209228515625 4013
1755174152741 0.1782124787569046 4022
1755174153133 0.17776036262512207 4031
1755174153638 0.184963196516037 4040
1755174154022 0.1735445261001587 4049
1755174154563 0.17958879470825195 4058
1755174154958 0.17957057058811188 4067
1755174155579 0.17756839096546173 4076
1755174156009 0.1829630732536316 4085
1755174156582 0.17998509109020233 4094
1755174157153 0.17287741601467133 4103
1755174157917 0.1783025860786438 4112
1755174158474 0.18185777962207794 4121
1755174159006 0.1775028258562088 4130
1755174159456 0.17606721818447113 4139
1755174160014 0.18165156245231628 4148
1755174160669 0.17667636275291443 4157
1755174161278 0.1911386251449585 4166
1755174162226 0.18510177731513977 4175
1755174162739 0.17591328918933868 4184
1755174163231 0.1851363480091095 4193
1755174163758 0.17843373119831085 4202
1755174164147 0.18641342222690582 4211
1755174164666 0.1770089864730835 4220
1755174165247 0.1716642677783966 4229
1755174165787 0.17883442342281342 4238
1755174166157 0.1741936206817627 4247
1755174166686 0.1762591451406479 4256
1755174167102 0.1677253246307373 4265
1755174167646 0.18647482991218567 4274
1755174168068 0.18089550733566284 4283
1755174168740 0.18536297976970673 4292
1755174169168 0.17793947458267212 4301
1755174169689 0.18383541703224182 4310
1755174170072 0.1865972876548767 4319
1755174170612 0.18265986442565918 4328
1755174171260 0.17444045841693878 4337
1755174171865 0.1817915290594101 4346
1755174172301 0.17416857182979584 4355
1755174172866 0.1795966774225235 4364
1755174173315 0.17006108164787292 4373
1755174173856 0.18438272178173065 4382
1755174174240 0.18073679506778717 4391
1755174174788 0.17864173650741577 4400
1755174175190 0.1749316155910492 4409
1755174175847 0.18314017355442047 4418
1755174176469 0.1675853282213211 4427
1755174176982 0.17930740118026733 4436
1755174177385 0.17904545366764069 4445
1755174177924 0.17987725138664246 4454
1755174178421 0.1770247519016266 4463
1755174178942 0.1821574866771698 4472
1755174179343 0.18323484063148499 4481
1755174179884 0.1716272532939911 4490
1755174180324 0.17673060297966003 4499
1755174180887 0.1768760234117508 4508
1755174181278 0.1779896318912506 4517
1755174181967 0.18195393681526184 4526
1755174182615 0.17467249929904938 4535
1755174183120 0.1843716949224472 4544
1755174183502 0.18016545474529266 4553
1755174184044 0.17724405229091644 4562
1755174185185 0.17692643404006958 4571
1755174185815 0.17890214920043945 4580
1755174186191 0.17345257103443146 4589
1755174186748 0.18042515218257904 4598
1755174187149 0.1827695518732071 4607
1755174187776 0.18142321705818176 4616
1755174188306 0.17705149948596954 4625
1755174188988 0.17389553785324097 4634
1755174189533 0.18552131950855255 4643
1755174190170 0.18096233904361725 4652
1755174190541 0.18115346133708954 4661
1755174191081 0.1819479763507843 4670
1755174191455 0.17604131996631622 4679
1755174191988 0.17306314408779144 4688
1755174192373 0.18369995057582855 4697
1755174193065 0.1855715811252594 4706
1755174193625 0.17965582013130188 4715
1755174194141 0.18199817836284637 4724
1755174194568 0.1836562603712082 4733
1755174195709 0.1768246591091156 4742
1755174196086 0.1844239979982376 4751
1755174196669 0.17624510824680328 4760
1755174197199 0.1729244589805603 4769
1755174197817 0.1799180656671524 4778
1755174198208 0.18484950065612793 4787
1755174198753 0.18045476078987122 4796
1755174199151 0.1752173900604248 4805
1755174199980 0.17876149713993073 4814
1755174200610 0.18459412455558777 4823
1755174201130 0.18226437270641327 4832
1755174201534 0.17244680225849152 4841
1755174202190 0.1808852255344391 4850
1755174202678 0.1860237717628479 4859
1755174203269 0.1811845600605011 4868
1755174203678 0.16558703780174255 4877
1755174204257 0.17668217420578003 4886
1755174204653 0.18044838309288025 4895
1755174205313 0.1719493865966797 4904
1755174205739 0.17510545253753662 4913
1755174206317 0.18483813107013702 4922
1755174206738 0.18558239936828613 4931
1755174207940 0.18015193939208984 4940
1755174208363 0.185919851064682 4949
1755174208894 0.1835884302854538 4958
1755174209291 0.18862980604171753 4967
1755174209814 0.16639067232608795 4976
1755174210217 0.1879996508359909 4985
1755174210792 0.18378226459026337 4994
1755174211212 0.1753419041633606 5003
1755174211758 0.16827625036239624 5012
1755174212239 0.16987629234790802 5021
1755174212879 0.17804187536239624 5030
1755174213275 0.17046432197093964 5039
1755174213923 0.17908115684986115 5048
1755174214316 0.18186847865581512 5057
1755174215006 0.18026822805404663 5066
1755174215457 0.1779366135597229 5075
1755174215996 0.17125390470027924 5084
1755174216389 0.18076249957084656 5093
1755174217079 0.18426984548568726 5102
1755174217513 0.17349039018154144 5111
1755174218185 0.17831480503082275 5120
1755174218614 0.17929914593696594 5129
1755174219160 0.17887721955776215 5138
1755174219553 0.17667604982852936 5147
1755174220203 0.17216931283473969 5156
1755174220634 0.1809382140636444 5165
1755174221238 0.1741008460521698 5174
1755174221688 0.18674153089523315 5183
1755174222206 0.1850149780511856 5192
1755174222585 0.17821776866912842 5201
1755174223122 0.17144325375556946 5210
1755174223663 0.17968808114528656 5219
1755174224265 0.1847214251756668 5228
1755174224647 0.18448317050933838 5237
1755174225233 0.17713461816310883 5246
1755174225636 0.17844454944133759 5255
1755174226183 0.17398323118686676 5264
1755174226640 0.1736614853143692 5273
1755174227312 0.1770956963300705 5282
1755174227724 0.18025003373622894 5291
1755174228233 0.17637458443641663 5300
1755174228659 0.18016210198402405 5309
1755174229218 0.17553193867206573 5318
1755174229623 0.18196101486682892 5327
1755174230189 0.18012206256389618 5336
1755174230590 0.17945130169391632 5345
1755174231140 0.17785243690013885 5354
1755174231667 0.1733948290348053 5363
1755174232432 0.18213841319084167 5372
1755174232833 0.17734456062316895 5381
1755174233426 0.17871882021427155 5390
1755174233815 0.17709435522556305 5399
1755174234458 0.1831693798303604 5408
1755174234964 0.17427115142345428 5417
1755174235580 0.17560045421123505 5426
1755174235990 0.1880834847688675 5435
1755174236575 0.17872926592826843 5444
1755174236986 0.16974233090877533 5453
1755174237656 0.17260514199733734 5462
1755174238205 0.17712000012397766 5471
1755174238763 0.18088394403457642 5480
1755174239262 0.17872928082942963 5489
1755174239788 0.17334681749343872 5498
1755174240267 0.18594765663146973 5507
1755174240830 0.17455455660820007 5516
1755174241232 0.17907221615314484 5525
1755174241841 0.18127115070819855 5534
1755174242225 0.1720997840166092 5543
1755174242801 0.17991477251052856 5552
1755174243242 0.17204388976097107 5561
1755174243942 0.17978517711162567 5570
1755174244480 0.1705852597951889 5579
1755174245185 0.17733290791511536 5588
1755174245617 0.17855723202228546 5597
1755174246156 0.17947588860988617 5606
1755174246546 0.1765449196100235 5615
1755174247070 0.18032488226890564 5624
1755174247540 0.18516142666339874 5633
1755174248175 0.17978979647159576 5642
1755174248671 0.1812964528799057 5651
1755174249297 0.17892397940158844 5660
1755174249723 0.1805005520582199 5669
1755174250435 0.177003413438797 5678
1755174250867 0.1807514876127243 5687
1755174251583 0.1786002814769745 5696
1755174251967 0.1788356602191925 5705
1755174252519 0.16857409477233887 5714
1755174252935 0.17892307043075562 5723
1755174253483 0.1728510707616806 5732
1755174253878 0.17933639883995056 5741
1755174254597 0.1806115210056305 5750
1755174255133 0.17854417860507965 5759
1755174255847 0.17332400381565094 5768
1755174256287 0.18357549607753754 5777
1755174256915 0.1705332249403 5786
1755174257371 0.1804468184709549 5795
1755174258209 0.1758163422346115 5804
1755174258762 0.1828780174255371 5813
1755174259396 0.17658686637878418 5822
1755174259790 0.1706797033548355 5831
1755174260335 0.17689482867717743 5840
1755174260722 0.18100506067276 5849
1755174261306 0.18084503710269928 5858
1755174261669 0.1801026165485382 5867
1755174262268 0.17461498081684113 5876
1755174262877 0.1794479787349701 5885
1755174263328 0.17783710360527039 5894
1755174263706 0.17878621816635132 5903
1755174264387 0.1764509528875351 5912
1755174264787 0.1700601577758789 5921
1755174265280 0.17902864515781403 5930
1755174265670 0.1779131293296814 5939
1755174266147 0.1803721785545349 5948
1755174266549 0.1819106787443161 5957
1755174267330 0.17377878725528717 5966
1755174267824 0.17228558659553528 5975
1755174268277 0.1727609783411026 5984
1755174268642 0.1799297332763672 5993
