1755173871407 0.3237805962562561 8
1755173871809 0.2848461866378784 17
1755173872387 0.27652984857559204 26
1755173872862 0.33534204959869385 35
1755173873440 0.2680235505104065 44
1755173873903 0.28089088201522827 53
1755173874479 0.27725228667259216 62
1755173874886 0.25578010082244873 71
1755173875601 0.29539957642555237 80
1755173876147 0.26149147748947144 89
1755173876787 0.30908453464508057 98
1755173877317 0.3294678330421448 107
1755173877989 0.3055397868156433 116
1755173878483 0.22412842512130737 125
1755173879247 0.2787989377975464 134
1755173879728 0.32549962401390076 143
1755173880546 0.29858386516571045 152
1755173882560 0.25632619857788086 161
1755173883287 0.3070363700389862 170
1755173883850 0.32831084728240967 179
1755173884552 0.24207760393619537 188
1755173885207 0.32126161456108093 197
1755173886042 0.303114652633667 206
1755173886559 0.19129402935504913 215
1755173888188 0.2360483855009079 224
1755173888867 0.2912330627441406 233
1755173889749 0.31884676218032837 242
1755173890296 0.36385422945022583 251
1755173891025 0.2975675165653229 260
1755173891634 0.3005021810531616 269
1755173892327 0.29891112446784973 278
1755173892876 0.2757435739040375 287
1755173893841 0.3548295199871063 296
1755173894532 0.33946382999420166 305
1755173895278 0.3318638205528259 314
1755173895808 0.29546046257019043 323
1755173896402 0.2686207592487335 332
1755173896831 0.302654504776001 341
1755173897701 0.3463478982448578 350
1755173898518 0.23497430980205536 359
1755173899382 0.3196842074394226 368
1755173899854 0.24483883380889893 377
1755173900484 0.31973797082901 386
1755173901236 0.36218225955963135 395
1755173901866 0.2929096817970276 404
1755173902477 0.27350863814353943 413
1755173903311 0.33672034740448 422
1755173903873 0.3422374129295349 431
1755173904691 0.31772568821907043 440
1755173905328 0.3036476969718933 449
1755173906192 0.3544345498085022 458
1755173906749 0.24996693432331085 467
1755173907441 0.2700069546699524 476
1755173907837 0.33922362327575684 485
1755173908475 0.2976124882698059 494
1755173909160 0.3364182114601135 503
1755173910034 0.28977304697036743 512
1755173910624 0.2442881464958191 521
1755173911308 0.3130391538143158 530
1755173911739 0.33427268266677856 539
1755173912356 0.26809167861938477 548
1755173912800 0.37427079677581787 557
1755173913524 0.30317384004592896 566
1755173914087 0.28259190917015076 575
1755173914763 0.3253444731235504 584
1755173915158 0.2991095781326294 593
1755173915906 0.2787027657032013 602
1755173916302 0.3060280382633209 611
1755173917240 0.26977235078811646 620
1755173917784 0.18448787927627563 629
1755173918673 0.27948886156082153 638
1755173919291 0.2634676992893219 647
1755173920184 0.31726229190826416 656
1755173920665 0.33838504552841187 665
1755173922523 0.316652774810791 674
1755173923104 0.240066260099411 683
1755173923858 0.22297272086143494 692
1755173924365 0.24955534934997559 701
1755173925138 0.30320438742637634 710
1755173925744 0.351377010345459 719
1755173926541 0.30937138199806213 728
1755173927030 0.2831517457962036 737
1755173927749 0.2567868232727051 746
1755173928356 0.2750716805458069 755
1755173929461 0.2724088132381439 764
1755173930108 0.17916829884052277 773
1755173930779 0.197358638048172 782
1755173931242 0.10840705782175064 791
1755173931907 0.19617602229118347 800
1755173933067 0.0891384705901146 809
1755173933938 0.09499718248844147 818
1755173934614 0.048882924020290375 827
1755173935573 0.1017930880188942 836
1755173936106 0.06454320251941681 845
1755173936942 0.06597792357206345 854
1755173937405 0.0723021924495697 863
1755173938154 0.044535599648952484 872
1755173938709 0.06580005586147308 881
1755173939659 0.0315169133245945 890
1755173940283 0.06293527781963348 899
1755173941092 0.06551618874073029 908
1755173941610 0.10894593596458435 917
1755173942555 0.085042804479599 926
1755173943316 0.020898539572954178 935
1755173944349 0.03989683836698532 944
1755173944975 0.04257288947701454 953
1755173945909 0.04308410733938217 962
1755173946731 0.06332163512706757 971
1755173947665 0.07227401435375214 980
1755173948222 0.046650923788547516 989
1755173949015 0.03298312425613403 998
1755173949578 0.06143102049827576 1007
1755173950368 0.05971420556306839 1016
1755173951048 0.030229739844799042 1025
1755173951912 0.039173539727926254 1034
1755173952511 0.03274919465184212 1043
1755173953143 0.0567757673561573 1052
1755173953720 0.024151496589183807 1061
1755173954371 0.06468648463487625 1070
1755173955704 0.04954969137907028 1079
1755173956617 0.040127985179424286 1088
1755173957341 0.029980162158608437 1097
1755173958283 0.04117854684591293 1106
1755173958724 0.020901113748550415 1115
1755173959293 0.0804685652256012 1124
1755173959771 0.025754928588867188 1133
1755173960484 0.038518115878105164 1142
1755173961059 0.06533017754554749 1151
1755173961938 0.031347766518592834 1160
1755173962654 0.026102017611265182 1169
1755173963508 0.02725914865732193 1178
1755173964166 0.03086426854133606 1187
1755173965030 0.05677259713411331 1196
1755173966500 0.03457264602184296 1205
1755173967507 0.02640167623758316 1214
1755173968200 0.03851695731282234 1223
1755173969067 0.04653213918209076 1232
1755173969665 0.04164484143257141 1241
1755173970430 0.04589904099702835 1250
1755173971311 0.019890006631612778 1259
1755173971974 0.03379076346755028 1268
1755173972511 0.03031861037015915 1277
1755173973256 0.01715032197535038 1286
1755173973807 0.02221991866827011 1295
1755173974499 0.04611465334892273 1304
1755173975084 0.03783785551786423 1313
1755173975812 0.025917917490005493 1322
1755173976331 0.034401070326566696 1331
1755173977336 0.08562317490577698 1340
1755173978011 0.03541024401783943 1349
1755173979005 0.03279918059706688 1358
1755173979636 0.021340321749448776 1367
1755173980450 0.037297323346138 1376
1755173981068 0.046922292560338974 1385
1755173981969 0.033650778234004974 1394
1755173982438 0.02048843540251255 1403
1755173982986 0.033389635384082794 1412
1755173983388 0.015874458476901054 1421
1755173984127 0.02915944904088974 1430
1755173984775 0.02018909528851509 1439
1755173985531 0.015069548040628433 1448
1755173986052 0.025063306093215942 1457
1755173986806 0.019451331347227097 1466
1755173987319 0.02191065438091755 1475
1755173988457 0.025179903954267502 1484
1755173988877 0.035795845091342926 1493
1755173989471 0.027675364166498184 1502
1755173990084 0.02056662179529667 1511
1755173990662 0.013841294683516026 1520
1755173991233 0.023605303838849068 1529
1755173991948 0.01644463837146759 1538
1755173992353 0.010776352137327194 1547
1755173992926 0.015359243378043175 1556
1755173994252 0.019048910588026047 1565
1755173994902 0.022906526923179626 1574
1755173995306 0.024240361526608467 1583
1755173995842 0.013109319843351841 1592
1755173996253 0.024366211146116257 1601
1755173996934 0.01838090643286705 1610
1755173997322 0.04755290597677231 1619
1755173997883 0.041850075125694275 1628
1755173998256 0.012072063982486725 1637
1755173998842 0.013662802055478096 1646
1755173999433 0.032705266028642654 1655
1755174000553 0.0185697004199028 1664
1755174001043 0.018356692045927048 1673
1755174001712 0.01922462321817875 1682
1755174002091 0.018137890845537186 1691
1755174002875 0.038381580263376236 1700
1755174003554 0.011314802803099155 1709
1755174004113 0.015559743158519268 1718
1755174004487 0.021933188661932945 1727
1755174005122 0.015295765362679958 1736
1755174005682 0.023842429742217064 1745
1755174006239 0.014031261205673218 1754
1755174006637 0.009992532432079315 1763
1755174007365 0.023870976641774178 1772
1755174007952 0.025472596287727356 1781
1755174008713 0.010164661332964897 1790
1755174009263 0.012731743045151234 1799
1755174009939 0.021252382546663284 1808
1755174010322 0.026088207960128784 1817
1755174011596 0.028862828388810158 1826
1755174012059 0.023726172745227814 1835
1755174012720 0.01636611670255661 1844
1755174013131 0.023683682084083557 1853
1755174014015 0.03726706653833389 1862
1755174014560 0.018040094524621964 1871
1755174015259 0.019232891499996185 1880
1755174015698 0.0202297642827034 1889
1755174016408 0.009182296693325043 1898
1755174016796 0.01588207110762596 1907
1755174017325 0.020407136529684067 1916
1755174017842 0.016788499429821968 1925
1755174018639 0.01242465153336525 1934
1755174019185 0.01628360152244568 1943
1755174019808 0.009499157778918743 1952
1755174020193 0.018767155706882477 1961
1755174020758 0.011684451252222061 1970
1755174021152 0.01644917204976082 1979
1755174022292 0.01087560597807169 1988
1755174022910 0.007988782599568367 1997
1755174023522 0.014153857715427876 2006
1755174023914 0.008647413924336433 2015
1755174024412 0.012758331373333931 2024
1755174024812 0.01569342613220215 2033
1755174025368 0.013409340754151344 2042
1755174025770 0.018790602684020996 2051
1755174026302 0.0249161496758461 2060
1755174026756 0.017693612724542618 2069
1755174027530 0.014369196258485317 2078
1755174028075 0.019428536295890808 2087
1755174028584 0.018843796104192734 2096
1755174029077 0.015201626345515251 2105
1755174029624 0.015475093387067318 2114
1755174030014 0.015109632164239883 2123
1755174030602 0.01940383017063141 2132
1755174031002 0.012073062360286713 2141
1755174031576 0.01242845319211483 2150
1755174031967 0.009999447502195835 2159
1755174033061 0.006178576964884996 2168
1755174033502 0.02016446739435196 2177
1755174034082 0.016903463751077652 2186
1755174034630 0.010662134736776352 2195
1755174035269 0.016819890588521957 2204
1755174035750 0.008925859816372395 2213
1755174036376 0.008542794734239578 2222
1755174036782 0.012475701048970222 2231
1755174037568 0.008226173929870129 2240
1755174038010 0.02145957574248314 2249
1755174038668 0.02317335084080696 2258
1755174039076 0.02127372846007347 2267
1755174039684 0.007630874402821064 2276
1755174040098 0.00808336865156889 2285
1755174040716 0.014014139771461487 2294
1755174041151 0.006326062139123678 2303
1755174041828 0.029591038823127747 2312
1755174042484 0.008311738260090351 2321
1755174043085 0.013476155698299408 2330
1755174043616 0.01596236601471901 2339
1755174044307 0.012999653816223145 2348
1755174044813 0.011616635136306286 2357
1755174045469 0.008096778765320778 2366
1755174046095 0.008926136419177055 2375
1755174046919 0.011861355975270271 2384
1755174047401 0.015143229626119137 2393
1755174047986 0.020620452240109444 2402
1755174048380 0.009181114844977856 2411
1755174049055 0.02176571637392044 2420
1755174049493 0.010914170183241367 2429
1755174050383 0.01180432178080082 2438
1755174050885 0.0178371574729681 2447
1755174051737 0.03527560085058212 2456
1755174052255 0.017738381400704384 2465
1755174053046 0.01884833164513111 2474
1755174053491 0.020600076764822006 2483
1755174054257 0.009383797645568848 2492
1755174054742 0.01234035287052393 2501
1755174055512 0.013079932890832424 2510
1755174056070 0.012082562781870365 2519
1755174056742 0.018689140677452087 2528
1755174057345 0.012184573337435722 2537
1755174057910 0.009913608431816101 2546
1755174058451 0.015068679116666317 2555
1755174059031 0.023387201130390167 2564
1755174059587 0.010946208611130714 2573
1755174060277 0.01610643044114113 2582
1755174060844 0.011641564778983593 2591
1755174061574 0.019792888313531876 2600
1755174061982 0.009181566536426544 2609
1755174062754 0.016405316069722176 2618
1755174063393 0.015587050467729568 2627
1755174064435 0.016962796449661255 2636
1755174065063 0.01895480416715145 2645
1755174065691 0.019250119104981422 2654
1755174066131 0.014194286428391933 2663
1755174066771 0.010179759934544563 2672
1755174067263 0.011955943889915943 2681
1755174067886 0.00970388576388359 2690
1755174068455 0.013636946678161621 2699
1755174069084 0.015171931125223637 2708
1755174069544 0.011485437862575054 2717
1755174070198 0.00970553234219551 2726
1755174070765 0.010144317522644997 2735
1755174071432 0.01850137673318386 2744
1755174071833 0.01787669211626053 2753
1755174072376 0.017024792730808258 2762
1755174072784 0.017214946448802948 2771
1755174073407 0.013026610016822815 2780
1755174073917 0.015030200593173504 2789
1755174074684 0.011142845265567303 2798
1755174075110 0.013298464007675648 2807
1755174075697 0.012418318539857864 2816
1755174076111 0.010542403906583786 2825
1755174076658 0.014817273244261742 2834
1755174077067 0.007611801847815514 2843
1755174077578 0.01280773151665926 2852
1755174079067 0.013492001220583916 2861
1755174079728 0.014305148273706436 2870
1755174080131 0.013943111523985863 2879
1755174080758 0.00817541778087616 2888
1755174081224 0.011273168958723545 2897
1755174081910 0.011153534054756165 2906
1755174082469 0.008951004594564438 2915
1755174083010 0.008075134828686714 2924
1755174083438 0.00998739991337061 2933
1755174084087 0.010980661027133465 2942
1755174084477 0.007750859018415213 2951
1755174085015 0.005725751630961895 2960
1755174085448 0.01182929240167141 2969
1755174086016 0.00980331003665924 2978
1755174086531 0.011910615488886833 2987
1755174087215 0.014949144795536995 2996
1755174087776 0.008117884397506714 3005
1755174088375 0.011031759902834892 3014
1755174088774 0.013075275346636772 3023
1755174089356 0.015095802024006844 3032
1755174089832 0.007454747799783945 3041
1755174090588 0.005981753580272198 3050
1755174090979 0.009419763460755348 3059
1755174091508 0.009154239669442177 3068
1755174091918 0.008877084590494633 3077
1755174092465 0.013618593104183674 3086
1755174092846 0.01795225217938423 3095
1755174093487 0.013981103897094727 3104
1755174094017 0.0089041106402874 3113
1755174095365 0.01314842700958252 3122
1755174095811 0.013395908288657665 3131
1755174096424 0.007739934138953686 3140
1755174096960 0.008724786341190338 3149
1755174097509 0.011344170197844505 3158
1755174097895 0.008532748557627201 3167
1755174098453 0.016754042357206345 3176
1755174098841 0.009528175927698612 3185
1755174099455 0.017282914370298386 3194
1755174099895 0.007568933069705963 3203
1755174100644 0.0064479513093829155 3212
1755174101216 0.009499872103333473 3221
1755174101741 0.017189746722579002 3230
1755174102126 0.011995548382401466 3239
1755174102706 0.015211272984743118 3248
1755174103111 0.01092863641679287 3257
1755174103688 0.008863430470228195 3266
1755174104087 0.008141100406646729 3275
1755174104779 0.010681124404072762 3284
1755174105316 0.00696248235180974 3293
1755174106617 0.0038650461938232183 3302
1755174107152 0.014865586534142494 3311
1755174107826 0.011259295046329498 3320
1755174108267 0.013311016373336315 3329
1755174108780 0.00894602295011282 3338
1755174109182 0.015746239572763443 3347
1755174109710 0.014126368798315525 3356
1755174110148 0.01052556186914444 3365
1755174110785 0.016577301546931267 3374
1755174111189 0.009539051912724972 3383
1755174111921 0.010541100054979324 3392
1755174112324 0.02029557339847088 3401
1755174112990 0.011628406122326851 3410
1755174113533 0.011831765063107014 3419
1755174114215 0.008686043322086334 3428
1755174114761 0.007494268007576466 3437
1755174115310 0.01848987489938736 3446
1755174115700 0.015354698523879051 3455
1755174116237 0.006784376688301563 3464
1755174116627 0.01106888335198164 3473
1755174117331 0.009556502103805542 3482
1755174118471 0.012584244832396507 3491
1755174119026 0.025973713025450706 3500
1755174119418 0.005912137683480978 3509
1755174119967 0.008709405548870564 3518
1755174120379 0.02015286311507225 3527
1755174120893 0.012684140354394913 3536
1755174121294 0.007151004392653704 3545
1755174122006 0.014174290001392365 3554
1755174122544 0.011899162083864212 3563
1755174123230 0.004935377277433872 3572
1755174123603 0.009078524075448513 3581
1755174124172 0.004456663504242897 3590
1755174124577 0.013086244463920593 3599
1755174125181 0.010964000597596169 3608
1755174125722 0.012020815163850784 3617
1755174126406 0.013088630512356758 3626
1755174126929 0.012379764579236507 3635
1755174127615 0.016203634440898895 3644
1755174128139 0.009167192503809929 3653
1755174128988 0.008090812712907791 3662
1755174129523 0.00788821093738079 3671
1755174130190 0.00950124766677618 3680
1755174130722 0.0070295813493430614 3689
1755174131453 0.00951201468706131 3698
1755174131847 0.008035171777009964 3707
1755174132356 0.005912539549171925 3716
1755174132756 0.012680193409323692 3725
1755174133363 0.010507406666874886 3734
1755174133786 0.003725112183019519 3743
1755174134324 0.010673953220248222 3752
1755174134740 0.010463489219546318 3761
1755174135349 0.006575280800461769 3770
1755174135875 0.009987369179725647 3779
1755174136434 0.012395782396197319 3788
1755174136829 0.006658499129116535 3797
1755174137491 0.014698311686515808 3806
1755174137962 0.010575603693723679 3815
1755174138710 0.009369520470499992 3824
1755174139095 0.007703755050897598 3833
1755174139749 0.006874801125377417 3842
1755174140259 0.01720612123608589 3851
1755174140948 0.018274828791618347 3860
1755174141558 0.005889828782528639 3869
1755174143125 0.0080583980306983 3878
1755174143787 0.007026036735624075 3887
1755174144296 0.00793788954615593 3896
1755174144671 0.012551155872642994 3905
1755174145204 0.009923340752720833 3914
1755174145613 0.021114472299814224 3923
1755174146157 0.0074667781591415405 3932
1755174146576 0.00810353085398674 3941
1755174147125 0.00863199308514595 3950
1755174147524 0.010096276178956032 3959
1755174148122 0.009434746578335762 3968
1755174148670 0.008989758789539337 3977
1755174149297 0.015489053912460804 3986
1755174149672 0.005554983392357826 3995
1755174150297 0.00755014643073082 4004
1755174152074 0.00958147644996643 4013
1755174152741 0.008558296598494053 4022
1755174153133 0.007958820089697838 4031
1755174153638 0.009603360667824745 4040
1755174154022 0.007169137708842754 4049
1755174154563 0.020512044429779053 4058
1755174154958 0.009762865491211414 4067
1755174155579 0.013404546305537224 4076
1755174156009 0.0082163754850626 4085
1755174156582 0.007299525197595358 4094
1755174157153 0.009422953240573406 4103
1755174157917 0.008842090144753456 4112
1755174158474 0.007944181561470032 4121
1755174159006 0.0059327417984604836 4130
1755174159456 0.010391718707978725 4139
1755174160014 0.01679389923810959 4148
1755174160669 0.0076401811093091965 4157
1755174161278 0.006772874854505062 4166
1755174162226 0.004808495286852121 4175
1755174162739 0.014494112692773342 4184
1755174163231 0.0041791838593780994 4193
1755174163758 0.0037995013408362865 4202
1755174164147 0.00811327900737524 4211
1755174164666 0.005796784535050392 4220
1755174165247 0.0049064126797020435 4229
1755174165787 0.010347383096814156 4238
1755174166157 0.012295630760490894 4247
1755174166686 0.006285030394792557 4256
1755174167102 0.004478719085454941 4265
1755174167646 0.005370274186134338 4274
1755174168068 0.011492233723402023 4283
1755174168740 0.005880424752831459 4292
1755174169168 0.009429937228560448 4301
1755174169689 0.0038912449963390827 4310
1755174170072 0.016395634040236473 4319
1755174170612 0.008626780472695827 4328
1755174171260 0.01535826362669468 4337
1755174171865 0.004220199771225452 4346
1755174172301 0.006715749856084585 4355
1755174172866 0.007056829519569874 4364
1755174173315 0.010202329605817795 4373
1755174173856 0.009462526068091393 4382
1755174174240 0.014698627404868603 4391
1755174174788 0.00890569481998682 4400
1755174175190 0.00965763907879591 4409
1755174175847 0.005644122138619423 4418
1755174176469 0.006472752429544926 4427
1755174176982 0.011167610064148903 4436
1755174177385 0.008255204185843468 4445
1755174177924 0.004627900198101997 4454
1755174178421 0.008562367409467697 4463
1755174178942 0.008253122679889202 4472
1755174179343 0.0067289844155311584 4481
1755174179884 0.010212309658527374 4490
1755174180324 0.005420672241598368 4499
1755174180887 0.0054421196691691875 4508
1755174181278 0.004919528029859066 4517
1755174181967 0.0038805711083114147 4526
1755174182615 0.004447410814464092 4535
1755174183120 0.005039063282310963 4544
1755174183502 0.00949486531317234 4553
1755174184044 0.0054569002240896225 4562
1755174185185 0.013088459149003029 4571
1755174185815 0.010226697660982609 4580
1755174186191 0.007753502577543259 4589
1755174186748 0.011925783008337021 4598
1755174187149 0.006068638991564512 4607
1755174187776 0.0053253937512636185 4616
1755174188306 0.00853619072586298 4625
1755174188988 0.0030735947657376528 4634
1755174189533 0.005263577215373516 4643
1755174190170 0.0072965435683727264 4652
1755174190541 0.009911994449794292 4661
1755174191081 0.0056732576340436935 4670
1755174191455 0.00724977720528841 4679
1755174191988 0.007201516069471836 4688
1755174192373 0.004322080872952938 4697
1755174193065 0.006237597204744816 4706
1755174193625 0.007656545378267765 4715
1755174194141 0.008452704176306725 4724
1755174194568 0.010965894907712936 4733
1755174195709 0.012387707829475403 4742
1755174196086 0.007671973668038845 4751
1755174196669 0.013628421351313591 4760
1755174197199 0.0067185997031629086 4769
1755174197817 0.007105457596480846 4778
1755174198208 0.008333584293723106 4787
1755174198753 0.007458056323230267 4796
1755174199151 0.016696413978934288 4805
1755174199980 0.013203948736190796 4814
1755174200610 0.007594611030071974 4823
1755174201130 0.012657683342695236 4832
1755174201534 0.005578341893851757 4841
1755174202190 0.0035029526334255934 4850
1755174202678 0.009314531460404396 4859
1755174203269 0.006463769357651472 4868
1755174203678 0.005851300433278084 4877
1755174204257 0.011198723688721657 4886
1755174204653 0.009713479317724705 4895
1755174205313 0.003496528835967183 4904
1755174205739 0.010048555210232735 4913
1755174206317 0.011239854618906975 4922
1755174206738 0.008526799269020557 4931
1755174207940 0.006209003273397684 4940
1755174208363 0.005133503582328558 4949
1755174208894 0.006109964102506638 4958
1755174209291 0.004265303257852793 4967
1755174209814 0.005238703452050686 4976
1755174210217 0.006395699456334114 4985
1755174210792 0.006755216512829065 4994
1755174211212 0.006255004554986954 5003
1755174211758 0.00651591457426548 5012
1755174212239 0.010601510293781757 5021
1755174212879 0.007957784458994865 5030
1755174213275 0.007762828841805458 5039
1755174213923 0.009428367018699646 5048
1755174214316 0.006877404171973467 5057
1755174215006 0.004452342167496681 5066
1755174215457 0.009700324386358261 5075
1755174215996 0.0033377413637936115 5084
1755174216389 0.005359680857509375 5093
1755174217079 0.00607516523450613 5102
1755174217513 0.005390865262597799 5111
1755174218185 0.0047355652786791325 5120
1755174218614 0.004703653044998646 5129
1755174219160 0.013680724427103996 5138
1755174219553 0.004956647288054228 5147
1755174220203 0.010790808126330376 5156
1755174220634 0.00761384516954422 5165
1755174221238 0.009981250390410423 5174
1755174221688 0.0052766818553209305 5183
1755174222206 0.007851297035813332 5192
1755174222585 0.006650956347584724 5201
1755174223122 0.0060152155347168446 5210
1755174223663 0.007264905609190464 5219
1755174224265 0.006781717296689749 5228
1755174224647 0.008319579996168613 5237
1755174225233 0.005099224392324686 5246
1755174225636 0.008823907002806664 5255
1755174226183 0.005292877554893494 5264
1755174226640 0.005662258248776197 5273
1755174227312 0.011574314907193184 5282
1755174227724 0.007588739041239023 5291
1755174228233 0.005216988269239664 5300
1755174228659 0.008652947843074799 5309
1755174229218 0.010478319600224495 5318
1755174229623 0.01127223577350378 5327
1755174230189 0.004168294370174408 5336
1755174230590 0.007689440622925758 5345
1755174231140 0.00432305783033371 5354
1755174231667 0.005483216606080532 5363
1755174232432 0.008000237867236137 5372
1755174232833 0.005583647638559341 5381
1755174233426 0.0035849621053785086 5390
1755174233815 0.006749114952981472 5399
1755174234458 0.007625737227499485 5408
1755174234964 0.005333000794053078 5417
1755174235580 0.002435533795505762 5426
1755174235990 0.006643775384873152 5435
1755174236575 0.006586340256035328 5444
1755174236986 0.00731020700186491 5453
1755174237656 0.015633651986718178 5462
1755174238205 0.005608562845736742 5471
1755174238763 0.020002787932753563 5480
1755174239262 0.0049096690490841866 5489
1755174239788 0.006579837296158075 5498
1755174240267 0.007252996787428856 5507
1755174240830 0.005072506610304117 5516
1755174241232 0.005932880565524101 5525
1755174241841 0.011305813677608967 5534
1755174242225 0.004835274536162615 5543
1755174242801 0.010834304615855217 5552
1755174243242 0.0070624928921461105 5561
1755174243942 0.0070012351498007774 5570
1755174244480 0.009469261392951012 5579
1755174245185 0.008963339030742645 5588
1755174245617 0.006655434146523476 5597
1755174246156 0.007128527853637934 5606
1755174246546 0.009334160014986992 5615
1755174247070 0.004152645356953144 5624
1755174247540 0.00880325399339199 5633
1755174248175 0.0056911068968474865 5642
1755174248671 0.0038597011007368565 5651
1755174249297 0.006075610406696796 5660
1755174249723 0.011296061798930168 5669
1755174250435 0.008950324729084969 5678
1755174250867 0.011531379073858261 5687
1755174251583 0.005358939524739981 5696
1755174251967 0.006408166140317917 5705
1755174252519 0.00771825248375535 5714
1755174252935 0.01368624810129404 5723
1755174253483 0.00570552796125412 5732
1755174253878 0.006217180751264095 5741
1755174254597 0.005943894386291504 5750
1755174255133 0.012185025960206985 5759
1755174255847 0.006021246314048767 5768
1755174256287 0.0053188493475317955 5777
1755174256915 0.006085249129682779 5786
1755174257371 0.009137706831097603 5795
1755174258209 0.007208751980215311 5804
1755174258762 0.008372770622372627 5813
1755174259396 0.010770298540592194 5822
1755174259790 0.007645126432180405 5831
1755174260335 0.005720277316868305 5840
1755174260722 0.005586258601397276 5849
1755174261306 0.004469401203095913 5858
1755174261669 0.00920034758746624 5867
1755174262268 0.007540591526776552 5876
1755174262877 0.005813819356262684 5885
1755174263328 0.006392543204128742 5894
1755174263706 0.007782344706356525 5903
1755174264387 0.0092686852440238 5912
1755174264787 0.004657610319554806 5921
1755174265280 0.004920281004160643 5930
1755174265670 0.007141667418181896 5939
1755174266147 0.0061704800464212894 5948
1755174266549 0.008969956077635288 5957
1755174267330 0.007740160450339317 5966
1755174267824 0.007699280045926571 5975
1755174268277 0.005836867727339268 5984
1755174268642 0.004592324141412973 5993
