1755173871407 3.159046173095703e-06 8
1755173871809 8.046627044677734e-06 17
1755173872387 2.6226043701171875e-06 26
1755173872862 3.0994415283203125e-06 35
1755173873440 5.543231964111328e-06 44
1755173873903 -7.987022399902344e-06 53
1755173874479 -1.0728836059570312e-06 62
1755173874886 -3.516674041748047e-06 71
1755173875601 -3.2782554626464844e-06 80
1755173876147 -1.043081283569336e-05 89
1755173876787 4.649162292480469e-06 98
1755173877317 -3.4570693969726562e-06 107
1755173877989 -6.139278411865234e-06 116
1755173878483 -4.76837158203125e-07 125
1755173879247 6.198883056640625e-06 134
1755173879728 5.364418029785156e-07 143
1755173880546 1.817941665649414e-05 152
1755173882560 -5.0067901611328125e-06 161
1755173883287 1.6808509826660156e-05 170
1755173883850 -1.5676021575927734e-05 179
1755173884552 1.5497207641601562e-06 188
1755173885207 1.7762184143066406e-05 197
1755173886042 3.7550926208496094e-06 206
1755173886559 1.52587890625e-05 215
1755173888188 -9.655952453613281e-06 224
1755173888867 2.8371810913085938e-05 233
1755173889749 3.641843795776367e-05 242
1755173890296 -1.9073486328125e-06 251
1755173891025 4.404783248901367e-05 260
1755173891634 4.2557716369628906e-05 269
1755173892327 5.0067901611328125e-06 278
1755173892876 2.1338462829589844e-05 287
1755173893841 6.759166717529297e-05 296
1755173894532 6.967782974243164e-05 305
1755173895278 5.328655242919922e-05 314
1755173895808 9.59634780883789e-06 323
1755173896402 0.0001380443572998047 332
1755173896831 8.159875869750977e-05 341
1755173897701 0.00016796588897705078 350
1755173898518 0.00019025802612304688 359
1755173899382 0.00023305416107177734 368
1755173899854 0.00010728836059570312 377
1755173900484 0.0001304149627685547 386
1755173901236 0.0001036524772644043 395
1755173901866 0.0001875162124633789 404
1755173902477 0.00016701221466064453 413
1755173903311 0.00017333030700683594 422
1755173903873 0.0002663135528564453 431
1755173904691 0.00010251998901367188 440
1755173905328 5.7220458984375e-05 449
1755173906192 0.0001367330551147461 458
1755173906749 0.00010949373245239258 467
1755173907441 9.065866470336914e-05 476
1755173907837 0.00015532970428466797 485
1755173908475 3.552436828613281e-05 494
1755173909160 0.00011920928955078125 503
1755173910034 0.00018203258514404297 512
1755173910624 8.64267349243164e-06 521
1755173911308 -1.0728836059570312e-06 530
1755173911739 -1.4901161193847656e-05 539
1755173912356 3.504753112792969e-05 548
1755173912800 5.364418029785156e-05 557
1755173913524 -4.291534423828125e-05 566
1755173914087 3.248453140258789e-05 575
1755173914763 6.365776062011719e-05 584
1755173915158 -6.794929504394531e-06 593
1755173915906 1.6689300537109375e-05 602
1755173916302 5.960464477539062e-07 611
1755173917240 -8.726119995117188e-05 620
1755173917784 2.0444393157958984e-05 629
1755173918673 7.474422454833984e-05 638
1755173919291 2.3066997528076172e-05 647
1755173920184 -9.804964065551758e-05 656
1755173920665 -3.314018249511719e-05 665
1755173922523 8.589029312133789e-05 674
1755173923104 -0.00018012523651123047 683
1755173923858 -3.8683414459228516e-05 692
1755173924365 -0.00015151500701904297 701
1755173925138 -7.265806198120117e-05 710
1755173925744 -0.00025391578674316406 719
1755173926541 -5.048513412475586e-05 728
1755173927030 -3.147125244140625e-05 737
1755173927749 6.490945816040039e-05 746
1755173928356 -0.00026416778564453125 755
1755173929461 -0.00012242794036865234 764
1755173930108 0.0002639293670654297 773
1755173930779 0.0008902549743652344 782
1755173931242 0.0013589859008789062 791
1755173931907 0.0015726089477539062 800
1755173933067 0.0013179779052734375 809
1755173933938 0.001739501953125 818
1755173934614 0.0010919570922851562 827
1755173935573 0.0017251968383789062 836
1755173936106 0.002010345458984375 845
1755173936942 0.002544403076171875 854
1755173937405 0.002391815185546875 863
1755173938154 0.0025691986083984375 872
1755173938709 0.002048492431640625 881
1755173939659 0.0019283294677734375 890
1755173940283 0.0018749237060546875 899
1755173941092 0.00156402587890625 908
1755173941610 0.0009341239929199219 917
1755173942555 0.0025196075439453125 926
1755173943316 0.001262664794921875 935
1755173944349 0.0015935897827148438 944
1755173944975 -1.7881393432617188e-05 953
1755173945909 0.00015211105346679688 962
1755173946731 -0.001800537109375 971
1755173947665 -0.00033783912658691406 980
1755173948222 -0.00128936767578125 989
1755173949015 -0.0009050369262695312 998
1755173949578 -0.0013217926025390625 1007
1755173950368 -0.0004279613494873047 1016
1755173951048 -0.0022678375244140625 1025
1755173951912 -0.0014276504516601562 1034
1755173952511 -0.0012598037719726562 1043
1755173953143 -0.0006794929504394531 1052
1755173953720 -0.00107574462890625 1061
1755173954371 -0.0010633468627929688 1070
1755173955704 -0.0010976791381835938 1079
1755173956617 -0.0005092620849609375 1088
1755173957341 -0.001232147216796875 1097
1755173958283 -0.0014028549194335938 1106
1755173958724 -0.0019330978393554688 1115
1755173959293 -0.0013895034790039062 1124
1755173959771 -0.001674652099609375 1133
1755173960484 -0.00196075439453125 1142
1755173961059 -0.0021457672119140625 1151
1755173961938 -0.001438140869140625 1160
1755173962654 -0.0016937255859375 1169
1755173963508 -0.0014896392822265625 1178
1755173964166 -0.0015382766723632812 1187
1755173965030 -0.000957489013671875 1196
1755173966500 -0.0010700225830078125 1205
1755173967507 -0.0010318756103515625 1214
1755173968200 -0.0020599365234375 1223
1755173969067 -0.0020751953125 1232
1755173969665 -0.0017223358154296875 1241
1755173970430 -0.0017185211181640625 1250
1755173971311 -0.0017414093017578125 1259
1755173971974 -0.0016994476318359375 1268
1755173972511 -0.0020732879638671875 1277
1755173973256 -0.001190185546875 1286
1755173973807 -0.0015897750854492188 1295
1755173974499 -0.0010509490966796875 1304
1755173975084 -0.0009984970092773438 1313
1755173975812 -0.0007562637329101562 1322
1755173976331 -0.0011577606201171875 1331
1755173977336 -0.0010089874267578125 1340
1755173978011 -0.0011396408081054688 1349
1755173979005 -0.0010967254638671875 1358
1755173979636 -0.0012598037719726562 1367
1755173980450 -0.0008559226989746094 1376
1755173981068 -0.001255035400390625 1385
1755173981969 -0.0013408660888671875 1394
1755173982438 -0.0019092559814453125 1403
1755173982986 -0.0018033981323242188 1412
1755173983388 -0.0019378662109375 1421
1755173984127 -0.0016574859619140625 1430
1755173984775 -0.0019397735595703125 1439
1755173985531 -0.0014562606811523438 1448
1755173986052 -0.0015277862548828125 1457
1755173986806 -0.0010747909545898438 1466
1755173987319 -0.00119781494140625 1475
1755173988457 -0.0010051727294921875 1484
1755173988877 -0.0009870529174804688 1493
1755173989471 -0.0009222030639648438 1502
1755173990084 -0.0011568069458007812 1511
1755173990662 -0.00140380859375 1520
1755173991233 -0.00164031982421875 1529
1755173991948 -0.0013895034790039062 1538
1755173992353 -0.0014629364013671875 1547
1755173992926 -0.0012912750244140625 1556
1755173994252 -0.0014476776123046875 1565
1755173994902 -0.0012531280517578125 1574
1755173995306 -0.0012111663818359375 1583
1755173995842 -0.0010242462158203125 1592
1755173996253 -0.0011358261108398438 1601
1755173996934 -0.0009055137634277344 1610
1755173997322 -0.0008225440979003906 1619
1755173997883 -0.0007128715515136719 1628
1755173998256 -0.0008339881896972656 1637
1755173998842 -0.00087738037109375 1646
1755173999433 -0.0010204315185546875 1655
1755174000553 -0.00080108642578125 1664
1755174001043 -0.0010089874267578125 1673
1755174001712 -0.0010137557983398438 1682
1755174002091 -0.0012121200561523438 1691
1755174002875 -0.0012187957763671875 1700
1755174003554 -0.0013322830200195312 1709
1755174004113 -0.0011262893676757812 1718
1755174004487 -0.0012102127075195312 1727
1755174005122 -0.0010328292846679688 1736
1755174005682 -0.0009260177612304688 1745
1755174006239 -0.0007987022399902344 1754
1755174006637 -0.0008535385131835938 1763
1755174007365 -0.000698089599609375 1772
1755174007952 -0.000762939453125 1781
1755174008713 -0.0007872581481933594 1790
1755174009263 -0.0010547637939453125 1799
1755174009939 -0.0009984970092773438 1808
1755174010322 -0.0011005401611328125 1817
1755174011596 -0.0008077621459960938 1826
1755174012059 -0.0009584426879882812 1835
1755174012720 -0.0009355545043945312 1844
1755174013131 -0.0009899139404296875 1853
1755174014015 -0.001010894775390625 1862
1755174014560 -0.001026153564453125 1871
1755174015259 -0.0008955001831054688 1880
1755174015698 -0.0009031295776367188 1889
1755174016408 -0.0007271766662597656 1898
1755174016796 -0.0006957054138183594 1907
1755174017325 -0.0006127357482910156 1916
1755174017842 -0.0007200241088867188 1925
1755174018639 -0.0005407333374023438 1934
1755174019185 -0.0006704330444335938 1943
1755174019808 -0.0005497932434082031 1952
1755174020193 -0.0006604194641113281 1961
1755174020758 -0.0005159378051757812 1970
1755174021152 -0.0006103515625 1979
1755174022292 -0.0006241798400878906 1988
1755174022910 -0.000690460205078125 1997
1755174023522 -0.0004982948303222656 2006
1755174023914 -0.0005922317504882812 2015
1755174024412 -0.0003960132598876953 2024
1755174024812 -0.0004477500915527344 2033
1755174025368 -0.0003266334533691406 2042
1755174025770 -0.0003790855407714844 2051
1755174026302 -0.0002837181091308594 2060
1755174026756 -0.0005288124084472656 2069
1755174027530 -0.0004086494445800781 2078
1755174028075 -0.0004203319549560547 2087
1755174028584 -0.0004696846008300781 2096
1755174029077 -0.0006499290466308594 2105
1755174029624 -0.0006818771362304688 2114
1755174030014 -0.0007123947143554688 2123
1755174030602 -0.000545501708984375 2132
1755174031002 -0.0007162094116210938 2141
1755174031576 -0.0005712509155273438 2150
1755174031967 -0.0007867813110351562 2159
1755174033061 -0.0008668899536132812 2168
1755174033502 -0.0008993148803710938 2177
1755174034082 -0.0007672309875488281 2186
1755174034630 -0.0008749961853027344 2195
1755174035269 -0.0006723403930664062 2204
1755174035750 -0.0006814002990722656 2213
1755174036376 -0.0005273818969726562 2222
1755174036782 -0.0005788803100585938 2231
1755174037568 -0.0004799365997314453 2240
1755174038010 -0.0005726814270019531 2249
1755174038668 -0.0004801750183105469 2258
1755174039076 -0.0005698204040527344 2267
1755174039684 -0.0004582405090332031 2276
1755174040098 -0.0005159378051757812 2285
1755174040716 -0.0004849433898925781 2294
1755174041151 -0.0006036758422851562 2303
1755174041828 -0.0006117820739746094 2312
1755174042484 -0.000690460205078125 2321
1755174043085 -0.0006685256958007812 2330
1755174043616 -0.0006952285766601562 2339
1755174044307 -0.0005698204040527344 2348
1755174044813 -0.0006513595581054688 2357
1755174045469 -0.0005116462707519531 2366
1755174046095 -0.0005593299865722656 2375
1755174046919 -0.0004982948303222656 2384
1755174047401 -0.0005168914794921875 2393
1755174047986 -0.0004305839538574219 2402
1755174048380 -0.0004048347473144531 2411
1755174049055 -0.00032448768615722656 2420
1755174049493 -0.0004773139953613281 2429
1755174050383 -0.0003314018249511719 2438
1755174050885 -0.0003571510314941406 2447
1755174051737 -0.00027680397033691406 2456
1755174052255 -0.0002989768981933594 2465
1755174053046 -0.00022912025451660156 2474
1755174053491 -0.000301361083984375 2483
1755174054257 -0.0001760721206665039 2492
1755174054742 -0.00018584728240966797 2501
1755174055512 -0.00022161006927490234 2510
1755174056070 -0.0002961158752441406 2519
1755174056742 -0.0003478527069091797 2528
1755174057345 -0.0003871917724609375 2537
1755174057910 -0.0003464221954345703 2546
1755174058451 -0.00034999847412109375 2555
1755174059031 -0.00031495094299316406 2564
1755174059587 -0.0002541542053222656 2573
1755174060277 -0.0002498626708984375 2582
1755174060844 -0.00025177001953125 2591
1755174061574 -0.00021266937255859375 2600
1755174061982 -0.0002703666687011719 2609
1755174062754 -0.00019049644470214844 2618
1755174063393 -0.0002684593200683594 2627
1755174064435 -0.0002334117889404297 2636
1755174065063 -0.00020253658294677734 2645
1755174065691 -0.0001176595687866211 2654
1755174066131 -0.00010395050048828125 2663
1755174066771 -2.849102020263672e-05 2672
1755174067263 -0.0001208186149597168 2681
1755174067886 -8.344650268554688e-05 2690
1755174068455 -0.00019252300262451172 2699
1755174069084 -0.0001074075698852539 2708
1755174069544 -0.00020003318786621094 2717
1755174070198 -8.666515350341797e-05 2726
1755174070765 -0.0002579689025878906 2735
1755174071432 -0.00017833709716796875 2744
1755174071833 -0.0002713203430175781 2753
1755174072376 -0.00021195411682128906 2762
1755174072784 -0.0003437995910644531 2771
1755174073407 -0.00022482872009277344 2780
1755174073917 -0.0002830028533935547 2789
1755174074684 -0.0002760887145996094 2798
1755174075110 -0.0003173351287841797 2807
1755174075697 -0.00024378299713134766 2816
1755174076111 -0.0003199577331542969 2825
1755174076658 -0.00023615360260009766 2834
1755174077067 -0.00035858154296875 2843
1755174077578 -0.0002608299255371094 2852
1755174079067 -0.00029015541076660156 2861
1755174079728 -0.0002467632293701172 2870
1755174080131 -0.0003008842468261719 2879
1755174080758 -0.000278472900390625 2888
1755174081224 -0.0002815723419189453 2897
1755174081910 -0.00021207332611083984 2906
1755174082469 -0.0001710653305053711 2915
1755174083010 -0.00018084049224853516 2924
1755174083438 -0.0002040863037109375 2933
1755174084087 -0.00021588802337646484 2942
1755174084477 -0.00022864341735839844 2951
1755174085015 -0.00023674964904785156 2960
1755174085448 -0.00020182132720947266 2969
1755174086016 -0.00019478797912597656 2978
1755174086531 -0.0002276897430419922 2987
1755174087215 -0.0002491474151611328 2996
1755174087776 -0.0003407001495361328 3005
1755174088375 -0.0002734661102294922 3014
1755174088774 -0.0003230571746826172 3023
1755174089356 -0.0002980232238769531 3032
1755174089832 -0.0003266334533691406 3041
1755174090588 -0.0002703666687011719 3050
1755174090979 -0.00025963783264160156 3059
1755174091508 -0.0002532005310058594 3068
1755174091918 -0.0002570152282714844 3077
1755174092465 -0.00023865699768066406 3086
1755174092846 -0.00016236305236816406 3095
1755174093487 -0.00022792816162109375 3104
1755174094017 -0.0001900196075439453 3113
1755174095365 -0.00011080503463745117 3122
1755174095811 -0.00011664628982543945 3131
1755174096424 -0.0001480579376220703 3140
1755174096960 -0.00015306472778320312 3149
1755174097509 -0.0002180337905883789 3158
1755174097895 -0.0001862049102783203 3167
1755174098453 -7.522106170654297e-05 3176
1755174098841 -0.00016999244689941406 3185
1755174099455 -0.00015425682067871094 3194
1755174099895 -0.00014531612396240234 3203
1755174100644 -8.499622344970703e-05 3212
1755174101216 -4.947185516357422e-05 3221
1755174101741 -1.4126300811767578e-05 3230
1755174102126 -4.309415817260742e-05 3239
1755174102706 2.8014183044433594e-05 3248
1755174103111 -6.902217864990234e-05 3257
1755174103688 -8.094310760498047e-05 3266
1755174104087 -5.519390106201172e-05 3275
1755174104779 -1.2636184692382812e-05 3284
1755174105316 -6.711483001708984e-05 3293
1755174106617 4.553794860839844e-05 3302
1755174107152 -6.031990051269531e-05 3311
1755174107826 -7.212162017822266e-06 3320
1755174108267 -0.0001100301742553711 3329
1755174108780 -5.2988529205322266e-05 3338
1755174109182 -6.270408630371094e-05 3347
1755174109710 -9.697675704956055e-05 3356
1755174110148 -9.697675704956055e-05 3365
1755174110785 -6.151199340820312e-05 3374
1755174111189 -0.0001017451286315918 3383
1755174111921 -3.159046173095703e-05 3392
1755174112324 -7.617473602294922e-05 3401
1755174112990 -4.470348358154297e-05 3410
1755174113533 -3.218650817871094e-05 3419
1755174114215 4.0650367736816406e-05 3428
1755174114761 -1.5556812286376953e-05 3437
1755174115310 4.9948692321777344e-05 3446
1755174115700 3.1054019927978516e-05 3455
1755174116237 4.7206878662109375e-05 3464
1755174116627 4.690885543823242e-05 3473
1755174117331 0.00013184547424316406 3482
1755174118471 7.474422454833984e-05 3491
1755174119026 9.447336196899414e-05 3500
1755174119418 0.00012767314910888672 3509
1755174119967 0.0001245737075805664 3518
1755174120379 5.3763389587402344e-05 3527
1755174120893 7.003545761108398e-05 3536
1755174121294 8.58306884765625e-05 3545
1755174122006 9.047985076904297e-05 3554
1755174122544 5.161762237548828e-05 3563
1755174123230 0.00019741058349609375 3572
1755174123603 0.0001329183578491211 3581
1755174124172 0.00016987323760986328 3590
1755174124577 0.00011235475540161133 3599
1755174125181 0.00018286705017089844 3608
1755174125722 0.00020122528076171875 3617
1755174126406 0.00019621849060058594 3626
1755174126929 0.0001341104507446289 3635
1755174127615 0.00010955333709716797 3644
1755174128139 8.660554885864258e-05 3653
1755174128988 9.548664093017578e-05 3662
1755174129523 0.0001055598258972168 3671
1755174130190 8.171796798706055e-05 3680
1755174130722 4.3272972106933594e-05 3689
1755174131453 0.0001417398452758789 3698
1755174131847 0.000133514404296875 3707
1755174132356 0.0001723766326904297 3716
1755174132756 0.0001251697540283203 3725
1755174133363 0.00020372867584228516 3734
1755174133786 0.00014865398406982422 3743
1755174134324 0.00021195411682128906 3752
1755174134740 0.0001933574676513672 3761
1755174135349 0.00024247169494628906 3770
1755174135875 0.0001690387725830078 3779
1755174136434 0.0002536773681640625 3788
1755174136829 0.00023365020751953125 3797
1755174137491 0.00026345252990722656 3806
1755174137962 0.00019228458404541016 3815
1755174138710 0.0002351999282836914 3824
1755174139095 0.0002167224884033203 3833
1755174139749 0.0002543926239013672 3842
1755174140259 0.00022721290588378906 3851
1755174140948 0.0003008842468261719 3860
1755174141558 0.00022125244140625 3869
1755174143125 0.00026917457580566406 3878
1755174143787 0.0002636909484863281 3887
1755174144296 0.0002841949462890625 3896
1755174144671 0.000247955322265625 3905
1755174145204 0.00026488304138183594 3914
1755174145613 0.0001971721649169922 3923
1755174146157 0.0002015829086303711 3932
1755174146576 0.0001900196075439453 3941
1755174147125 0.00015664100646972656 3950
1755174147524 0.00010788440704345703 3959
1755174148122 0.0001341104507446289 3968
1755174148670 7.30752944946289e-05 3977
1755174149297 0.0001270771026611328 3986
1755174149672 0.00011652708053588867 3995
1755174150297 0.00012373924255371094 4004
1755174152074 9.739398956298828e-05 4013
1755174152741 0.00015795230865478516 4022
1755174153133 0.00013709068298339844 4031
1755174153638 9.077787399291992e-05 4040
1755174154022 8.213520050048828e-05 4049
1755174154563 4.792213439941406e-05 4058
1755174154958 4.8100948333740234e-05 4067
1755174155579 5.91278076171875e-05 4076
1755174156009 9.888410568237305e-05 4085
1755174156582 0.00018310546875 4094
1755174157153 0.00015819072723388672 4103
1755174157917 0.0002689361572265625 4112
1755174158474 0.00021779537200927734 4121
1755174159006 0.0003612041473388672 4130
1755174159456 0.0003457069396972656 4139
1755174160014 0.0004432201385498047 4148
1755174160669 0.0004723072052001953 4157
1755174161278 0.0004203319549560547 4166
1755174162226 0.0004096031188964844 4175
1755174162739 0.0004374980926513672 4184
1755174163231 0.0003523826599121094 4193
1755174163758 0.0003752708435058594 4202
1755174164147 0.0003292560577392578 4211
1755174164666 0.0003559589385986328 4220
1755174165247 0.0002932548522949219 4229
1755174165787 0.00031495094299316406 4238
1755174166157 0.0002613067626953125 4247
1755174166686 0.000270843505859375 4256
1755174167102 0.000301361083984375 4265
1755174167646 0.00024771690368652344 4274
1755174168068 0.0001876354217529297 4283
1755174168740 0.000164031982421875 4292
1755174169168 0.00019812583923339844 4301
1755174169689 0.0001722574234008789 4310
1755174170072 0.00021016597747802734 4319
1755174170612 0.00019025802612304688 4328
1755174171260 0.0001951456069946289 4337
1755174171865 0.00010091066360473633 4346
1755174172301 0.00015664100646972656 4355
1755174172866 0.00020956993103027344 4364
1755174173315 0.00017642974853515625 4373
1755174173856 0.00014698505401611328 4382
1755174174240 0.00016355514526367188 4391
1755174174788 0.0002276897430419922 4400
1755174175190 0.0001964569091796875 4409
1755174175847 0.00018215179443359375 4418
1755174176469 0.00017213821411132812 4427
1755174176982 0.00024390220642089844 4436
1755174177385 0.00022542476654052734 4445
1755174177924 0.00025534629821777344 4454
1755174178421 0.00022542476654052734 4463
1755174178942 0.0003008842468261719 4472
1755174179343 0.00018894672393798828 4481
1755174179884 0.00029540061950683594 4490
1755174180324 0.00029540061950683594 4499
1755174180887 0.00029206275939941406 4508
1755174181278 0.00015342235565185547 4517
1755174181967 0.00017261505126953125 4526
1755174182615 0.0001404285430908203 4535
1755174183120 0.0001233816146850586 4544
1755174183502 0.0001283884048461914 4553
1755174184044 0.00018095970153808594 4562
1755174185185 0.00012129545211791992 4571
1755174185815 0.0002696514129638672 4580
1755174186191 0.0001995563507080078 4589
1755174186748 0.0003380775451660156 4598
1755174187149 0.0003249645233154297 4607
1755174187776 0.000400543212890625 4616
1755174188306 0.0004076957702636719 4625
1755174188988 0.0004210472106933594 4634
1755174189533 0.0003960132598876953 4643
1755174190170 0.0004949569702148438 4652
1755174190541 0.0004515647888183594 4661
1755174191081 0.0005407333374023438 4670
1755174191455 0.0005540847778320312 4679
1755174191988 0.00058746337890625 4688
1755174192373 0.0004954338073730469 4697
1755174193065 0.0006632804870605469 4706
1755174193625 0.0004703998565673828 4715
1755174194141 0.0005350112915039062 4724
1755174194568 0.0004494190216064453 4733
1755174195709 0.0004858970642089844 4742
1755174196086 0.0004611015319824219 4751
1755174196669 0.0005249977111816406 4760
1755174197199 0.0004482269287109375 4769
1755174197817 0.00039005279541015625 4778
1755174198208 0.0004353523254394531 4787
1755174198753 0.000446319580078125 4796
1755174199151 0.0003674030303955078 4805
1755174199980 0.0003390312194824219 4814
1755174200610 0.0003688335418701172 4823
1755174201130 0.00035500526428222656 4832
1755174201534 0.00042724609375 4841
1755174202190 0.0004458427429199219 4850
1755174202678 0.0003094673156738281 4859
1755174203269 0.0004296302795410156 4868
1755174203678 0.0003685951232910156 4877
1755174204257 0.0004227161407470703 4886
1755174204653 0.0004241466522216797 4895
1755174205313 0.0003955364227294922 4904
1755174205739 0.0003387928009033203 4913
1755174206317 0.0002970695495605469 4922
1755174206738 0.00028324127197265625 4931
1755174207940 0.0003647804260253906 4940
1755174208363 0.0003566741943359375 4949
1755174208894 0.0005369186401367188 4958
1755174209291 0.0004394054412841797 4967
1755174209814 0.0006127357482910156 4976
1755174210217 0.0005536079406738281 4985
1755174210792 0.0005984306335449219 4994
1755174211212 0.0005087852478027344 5003
1755174211758 0.0005941390991210938 5012
1755174212239 0.0005898475646972656 5021
1755174212879 0.0007414817810058594 5030
1755174213275 0.0006451606750488281 5039
1755174213923 0.0006785392761230469 5048
1755174214316 0.0006608963012695312 5057
1755174215006 0.0006318092346191406 5066
1755174215457 0.0005035400390625 5075
1755174215996 0.0005712509155273438 5084
1755174216389 0.0004830360412597656 5093
1755174217079 0.0005173683166503906 5102
1755174217513 0.0005021095275878906 5111
1755174218185 0.0006308555603027344 5120
1755174218614 0.0004642009735107422 5129
1755174219160 0.0006723403930664062 5138
1755174219553 0.0006341934204101562 5147
1755174220203 0.00067138671875 5156
1755174220634 0.0004982948303222656 5165
1755174221238 0.0006380081176757812 5174
1755174221688 0.0005993843078613281 5183
1755174222206 0.0006690025329589844 5192
1755174222585 0.0005931854248046875 5201
1755174223122 0.0006661415100097656 5210
1755174223663 0.0006775856018066406 5219
1755174224265 0.0007791519165039062 5228
1755174224647 0.0006356239318847656 5237
1755174225233 0.0005192756652832031 5246
1755174225636 0.0005588531494140625 5255
1755174226183 0.0005865097045898438 5264
1755174226640 0.0004742145538330078 5273
1755174227312 0.000701904296875 5282
1755174227724 0.0007433891296386719 5291
1755174228233 0.0006208419799804688 5300
1755174228659 0.0006437301635742188 5309
1755174229218 0.0006661415100097656 5318
1755174229623 0.0006041526794433594 5327
1755174230189 0.00081634521484375 5336
1755174230590 0.0008497238159179688 5345
1755174231140 0.0008368492126464844 5354
1755174231667 0.0007314682006835938 5363
1755174232432 0.0009546279907226562 5372
1755174232833 0.0010089874267578125 5381
1755174233426 0.0009908676147460938 5390
1755174233815 0.0008368492126464844 5399
1755174234458 0.0009527206420898438 5408
1755174234964 0.0009589195251464844 5417
1755174235580 0.0009813308715820312 5426
1755174235990 0.0011119842529296875 5435
1755174236575 0.0009202957153320312 5444
1755174236986 0.0008797645568847656 5453
1755174237656 0.0010423660278320312 5462
1755174238205 0.0011577606201171875 5471
1755174238763 0.0010576248168945312 5480
1755174239262 0.000980377197265625 5489
1755174239788 0.0009508132934570312 5498
1755174240267 0.0010967254638671875 5507
1755174240830 0.0008192062377929688 5516
1755174241232 0.0009546279907226562 5525
1755174241841 0.0010128021240234375 5534
1755174242225 0.0010776519775390625 5543
1755174242801 0.0010280609130859375 5552
1755174243242 0.0010690689086914062 5561
1755174243942 0.0012464523315429688 5570
1755174244480 0.0010395050048828125 5579
1755174245185 0.0011377334594726562 5588
1755174245617 0.0011844635009765625 5597
1755174246156 0.001438140869140625 5606
1755174246546 0.0012197494506835938 5615
1755174247070 0.0015277862548828125 5624
1755174247540 0.0016508102416992188 5633
1755174248175 0.0013942718505859375 5642
1755174248671 0.0016326904296875 5651
1755174249297 0.0019207000732421875 5660
1755174249723 0.0018749237060546875 5669
1755174250435 0.0019397735595703125 5678
1755174250867 0.002040863037109375 5687
1755174251583 0.0022563934326171875 5696
1755174251967 0.002140045166015625 5705
1755174252519 0.0023136138916015625 5714
1755174252935 0.002056121826171875 5723
1755174253483 0.002429962158203125 5732
1755174253878 0.0025482177734375 5741
1755174254597 0.0027675628662109375 5750
1755174255133 0.0025272369384765625 5759
1755174255847 0.002685546875 5768
1755174256287 0.0027904510498046875 5777
1755174256915 0.00298309326171875 5786
1755174257371 0.0025348663330078125 5795
1755174258209 0.003299713134765625 5804
1755174258762 0.0028324127197265625 5813
1755174259396 0.0036869049072265625 5822
1755174259790 0.003631591796875 5831
1755174260335 0.003719329833984375 5840
1755174260722 0.004253387451171875 5849
1755174261306 0.00420379638671875 5858
1755174261669 0.004055023193359375 5867
1755174262268 0.003681182861328125 5876
1755174262877 0.004467010498046875 5885
1755174263328 0.00417327880859375 5894
1755174263706 0.004150390625 5903
1755174264387 0.003997802734375 5912
1755174264787 0.004276275634765625 5921
1755174265280 0.00438690185546875 5930
1755174265670 0.00397491455078125 5939
1755174266147 0.0041961669921875 5948
1755174266549 0.0037174224853515625 5957
1755174267330 0.00409698486328125 5966
1755174267824 0.004032135009765625 5975
1755174268277 0.004222869873046875 5984
1755174268642 0.004344940185546875 5993
