1755173871407 0.11872969567775726 8
1755173871809 0.11415565758943558 17
1755173872387 0.10838814079761505 26
1755173872862 0.10038179904222488 35
1755173873440 0.08908095210790634 44
1755173873903 0.07557002454996109 53
1755173874479 0.0616254098713398 62
1755173874886 0.054107699543237686 71
1755173875601 0.04799363762140274 80
1755173876147 0.04449465498328209 89
1755173876787 0.040247440338134766 98
1755173877317 0.037849169224500656 107
1755173877989 0.034877777099609375 116
1755173878483 0.03230833634734154 125
1755173879247 0.030916953459382057 134
1755173879728 0.02977757342159748 143
1755173880546 0.028587857261300087 152
1755173882560 0.02733854204416275 161
1755173883287 0.026286575943231583 170
1755173883850 0.025110045447945595 179
1755173884552 0.024078289046883583 188
1755173885207 0.025095364078879356 197
1755173886042 0.024753279983997345 206
1755173886559 0.02381633035838604 215
1755173888188 0.02249060943722725 224
1755173888867 0.02324097603559494 233
1755173889749 0.023416709154844284 242
1755173890296 0.023064356297254562 251
1755173891025 0.02202468179166317 260
1755173891634 0.022838637232780457 269
1755173892327 0.02253195084631443 278
1755173892876 0.021918457001447678 287
1755173893841 0.02259444259107113 296
1755173894532 0.02269526943564415 305
1755173895278 0.022336715832352638 314
1755173895808 0.021906225010752678 323
1755173896402 0.0219004824757576 332
1755173896831 0.021561698988080025 341
1755173897701 0.023038506507873535 350
1755173898518 0.021788200363516808 359
1755173899382 0.021805431693792343 368
1755173899854 0.021203257143497467 377
1755173900484 0.022295262664556503 386
1755173901236 0.022146454080939293 395
1755173901866 0.022110583260655403 404
1755173902477 0.021926283836364746 413
1755173903311 0.022408798336982727 422
1755173903873 0.021565182134509087 431
1755173904691 0.021811245009303093 440
1755173905328 0.022638386115431786 449
1755173906192 0.023098476231098175 458
1755173906749 0.021026046946644783 467
1755173907441 0.021722720935940742 476
1755173907837 0.021686984226107597 485
1755173908475 0.022286461666226387 494
1755173909160 0.02214111015200615 503
1755173910034 0.02164665423333645 512
1755173910624 0.020954212173819542 521
1755173911308 0.021491000428795815 530
1755173911739 0.021951057016849518 539
1755173912356 0.021296478807926178 548
1755173912800 0.022707587108016014 557
1755173913524 0.02129797823727131 566
1755173914087 0.021385803818702698 575
1755173914763 0.022417811676859856 584
1755173915158 0.021365495398640633 593
1755173915906 0.02145005762577057 602
1755173916302 0.021616164594888687 611
1755173917240 0.0216299369931221 620
1755173917784 0.02227425016462803 629
1755173918673 0.02197401411831379 638
1755173919291 0.02161148190498352 647
1755173920184 0.021373510360717773 656
1755173920665 0.02168520912528038 665
1755173922523 0.0211847685277462 674
1755173923104 0.02199038863182068 683
1755173923858 0.021040035411715508 692
1755173924365 0.021206440404057503 701
1755173925138 0.022616146132349968 710
1755173925744 0.02170429565012455 719
1755173926541 0.022378191351890564 728
1755173927030 0.021607792004942894 737
1755173927749 0.02185031957924366 746
1755173928356 0.021922064945101738 755
1755173929461 0.02171378582715988 764
1755173930108 0.020828530192375183 773
1755173930779 0.020856939256191254 782
1755173931242 0.02036900445818901 791
1755173931907 0.020869264379143715 800
1755173933067 0.020137324929237366 809
1755173933938 0.019895097240805626 818
1755173934614 0.01955447904765606 827
1755173935573 0.01962958835065365 836
1755173936106 0.01941199228167534 845
1755173936942 0.019678372889757156 854
1755173937405 0.020273085683584213 863
1755173938154 0.01945265755057335 872
1755173938709 0.019961893558502197 881
1755173939659 0.019943073391914368 890
1755173940283 0.019118865951895714 899
1755173941092 0.01996762491762638 908
1755173941610 0.019306715577840805 917
1755173942555 0.019014516845345497 926
1755173943316 0.018578985705971718 935
1755173944349 0.018477492034435272 944
1755173944975 0.01968812383711338 953
1755173945909 0.019010871648788452 962
1755173946731 0.019552292302250862 971
1755173947665 0.0196989793330431 980
1755173948222 0.019541248679161072 989
1755173949015 0.019350914284586906 998
1755173949578 0.019853224977850914 1007
1755173950368 0.019549164921045303 1016
1755173951048 0.019144374877214432 1025
1755173951912 0.01954280026257038 1034
1755173952511 0.018891170620918274 1043
1755173953143 0.019464144483208656 1052
1755173953720 0.0194545928388834 1061
1755173954371 0.01972603052854538 1070
1755173955704 0.019737379625439644 1079
1755173956617 0.01895037479698658 1088
1755173957341 0.018389612436294556 1097
1755173958283 0.01919400319457054 1106
1755173958724 0.018958212807774544 1115
1755173959293 0.019840817898511887 1124
1755173959771 0.019395548850297928 1133
1755173960484 0.018666652962565422 1142
1755173961059 0.01994110457599163 1151
1755173961938 0.018804656341671944 1160
1755173962654 0.018335452303290367 1169
1755173963508 0.018814589828252792 1178
1755173964166 0.01898156851530075 1187
1755173965030 0.0196028184145689 1196
1755173966500 0.018674399703741074 1205
1755173967507 0.019084058701992035 1214
1755173968200 0.01931413821876049 1223
1755173969067 0.018622184172272682 1232
1755173969665 0.01925370655953884 1241
1755173970430 0.01965111680328846 1250
1755173971311 0.018257610499858856 1259
1755173971974 0.01887468993663788 1268
1755173972511 0.0188402459025383 1277
1755173973256 0.018077010288834572 1286
1755173973807 0.018471255898475647 1295
1755173974499 0.01953919231891632 1304
1755173975084 0.01931201107800007 1313
1755173975812 0.01924089528620243 1322
1755173976331 0.01825743354856968 1331
1755173977336 0.01901737041771412 1340
1755173978011 0.019249793142080307 1349
1755173979005 0.018987180665135384 1358
1755173979636 0.018627982586622238 1367
1755173980450 0.020037125796079636 1376
1755173981068 0.019452624022960663 1385
1755173981969 0.01858173869550228 1394
1755173982438 0.017848199233412743 1403
1755173982986 0.018960678949952126 1412
1755173983388 0.01868792437016964 1421
1755173984127 0.01850556768476963 1430
1755173984775 0.01885266602039337 1439
1755173985531 0.01845499686896801 1448
1755173986052 0.01880762167274952 1457
1755173986806 0.017782216891646385 1466
1755173987319 0.018596896901726723 1475
1755173988457 0.01930093951523304 1484
1755173988877 0.018651306629180908 1493
1755173989471 0.01857713982462883 1502
1755173990084 0.018219349905848503 1511
1755173990662 0.01844600774347782 1520
1755173991233 0.018939543515443802 1529
1755173991948 0.018390798941254616 1538
1755173992353 0.018738072365522385 1547
1755173992926 0.018912188708782196 1556
1755173994252 0.01843944564461708 1565
1755173994902 0.01857389695942402 1574
1755173995306 0.01882787048816681 1583
1755173995842 0.01851445622742176 1592
1755173996253 0.01888578198850155 1601
1755173996934 0.018905719742178917 1610
1755173997322 0.018329914659261703 1619
1755173997883 0.018508825451135635 1628
1755173998256 0.018544377759099007 1637
1755173998842 0.019848868250846863 1646
1755173999433 0.018305091187357903 1655
1755174000553 0.018184224143624306 1664
1755174001043 0.018961993977427483 1673
1755174001712 0.01840515062212944 1682
1755174002091 0.018869196996092796 1691
1755174002875 0.019375024363398552 1700
1755174003554 0.018792469054460526 1709
1755174004113 0.018693482503294945 1718
1755174004487 0.018117554485797882 1727
1755174005122 0.018448954448103905 1736
1755174005682 0.01815076172351837 1745
1755174006239 0.017748819664120674 1754
1755174006637 0.018725048750638962 1763
1755174007365 0.019008122384548187 1772
1755174007952 0.0190330371260643 1781
1755174008713 0.01882452890276909 1790
1755174009263 0.017713356763124466 1799
1755174009939 0.018406137824058533 1808
1755174010322 0.019395850598812103 1817
1755174011596 0.01769307255744934 1826
1755174012059 0.01862817443907261 1835
1755174012720 0.018296558409929276 1844
1755174013131 0.018350929021835327 1853
1755174014015 0.018759502097964287 1862
1755174014560 0.018880879506468773 1871
1755174015259 0.018940400332212448 1880
1755174015698 0.01827019639313221 1889
1755174016408 0.018546978011727333 1898
1755174016796 0.01925923116505146 1907
1755174017325 0.01841156743466854 1916
1755174017842 0.01923818141222 1925
1755174018639 0.018347181379795074 1934
1755174019185 0.0183089766651392 1943
1755174019808 0.01835949718952179 1952
1755174020193 0.018466370180249214 1961
1755174020758 0.018847540020942688 1970
1755174021152 0.018735870718955994 1979
1755174022292 0.017789117991924286 1988
1755174022910 0.01843307353556156 1997
1755174023522 0.018583498895168304 2006
1755174023914 0.018056729808449745 2015
1755174024412 0.018228504806756973 2024
1755174024812 0.01859780214726925 2033
1755174025368 0.018831850960850716 2042
1755174025770 0.018685024231672287 2051
1755174026302 0.01765713281929493 2060
1755174026756 0.018538301810622215 2069
1755174027530 0.01834118925035 2078
1755174028075 0.018151046708226204 2087
1755174028584 0.019102398306131363 2096
1755174029077 0.017959777265787125 2105
1755174029624 0.018352413550019264 2114
1755174030014 0.018365491181612015 2123
1755174030602 0.01902235485613346 2132
1755174031002 0.019153328612446785 2141
1755174031576 0.01800646260380745 2150
1755174031967 0.018044155091047287 2159
1755174033061 0.0187669824808836 2168
1755174033502 0.018776126205921173 2177
1755174034082 0.018502386286854744 2186
1755174034630 0.018666215240955353 2195
1755174035269 0.01783802919089794 2204
1755174035750 0.01774650625884533 2213
1755174036376 0.018036406487226486 2222
1755174036782 0.017564523965120316 2231
1755174037568 0.01859138533473015 2240
1755174038010 0.019062459468841553 2249
1755174038668 0.018661897629499435 2258
1755174039076 0.01923108659684658 2267
1755174039684 0.0185730941593647 2276
1755174040098 0.018853597342967987 2285
1755174040716 0.01836492493748665 2294
1755174041151 0.018577810376882553 2303
1755174041828 0.01794586330652237 2312
1755174042484 0.018588196486234665 2321
1755174043085 0.01878516562283039 2330
1755174043616 0.018266290426254272 2339
1755174044307 0.01868485100567341 2348
1755174044813 0.01926368847489357 2357
1755174045469 0.01808655820786953 2366
1755174046095 0.018254483118653297 2375
1755174046919 0.01789679564535618 2384
1755174047401 0.01803096942603588 2393
1755174047986 0.01846693828701973 2402
1755174048380 0.01836066134274006 2411
1755174049055 0.01958104595541954 2420
1755174049493 0.018194792792201042 2429
1755174050383 0.01877177506685257 2438
1755174050885 0.017737187445163727 2447
1755174051737 0.01910402439534664 2456
1755174052255 0.018431199714541435 2465
1755174053046 0.018352152779698372 2474
1755174053491 0.017258811742067337 2483
1755174054257 0.018500525504350662 2492
1755174054742 0.01830606907606125 2501
1755174055512 0.018259484320878983 2510
1755174056070 0.017934344708919525 2519
1755174056742 0.018667982891201973 2528
1755174057345 0.01808270439505577 2537
1755174057910 0.018452510237693787 2546
1755174058451 0.0178730096668005 2555
1755174059031 0.018819687888026237 2564
1755174059587 0.01867992803454399 2573
1755174060277 0.018522771075367928 2582
1755174060844 0.018389660865068436 2591
1755174061574 0.019116036593914032 2600
1755174061982 0.0184791162610054 2609
1755174062754 0.018688172101974487 2618
1755174063393 0.017959224060177803 2627
1755174064435 0.018737735226750374 2636
1755174065063 0.01832727901637554 2645
1755174065691 0.01845790259540081 2654
1755174066131 0.017797086387872696 2663
1755174066771 0.018644554540514946 2672
1755174067263 0.017972243949770927 2681
1755174067886 0.01732323318719864 2690
1755174068455 0.018255259841680527 2699
1755174069084 0.018035737797617912 2708
1755174069544 0.017466889694333076 2717
1755174070198 0.018037166446447372 2726
1755174070765 0.018918536603450775 2735
1755174071432 0.018011944368481636 2744
1755174071833 0.01873898133635521 2753
1755174072376 0.018597312271595 2762
1755174072784 0.018555428832769394 2771
1755174073407 0.018141523003578186 2780
1755174073917 0.018311357125639915 2789
1755174074684 0.01754704676568508 2798
1755174075110 0.01735314540565014 2807
1755174075697 0.018352389335632324 2816
1755174076111 0.018178852275013924 2825
1755174076658 0.018492914736270905 2834
1755174077067 0.018257083371281624 2843
1755174077578 0.01882399246096611 2852
1755174079067 0.01841864362359047 2861
1755174079728 0.018738819286227226 2870
1755174080131 0.017947088927030563 2879
1755174080758 0.018195442855358124 2888
1755174081224 0.01770765148103237 2897
1755174081910 0.018228203058242798 2906
1755174082469 0.017424965277314186 2915
1755174083010 0.01874499022960663 2924
1755174083438 0.018418708816170692 2933
1755174084087 0.017864694818854332 2942
1755174084477 0.017338952049613 2951
1755174085015 0.018053321167826653 2960
1755174085448 0.018854942172765732 2969
1755174086016 0.017780495807528496 2978
1755174086531 0.018173212185502052 2987
1755174087215 0.018318014219403267 2996
1755174087776 0.018325993791222572 3005
1755174088375 0.01739312708377838 3014
1755174088774 0.018503526225686073 3023
1755174089356 0.01848551072180271 3032
1755174089832 0.0175227839499712 3041
1755174090588 0.01798328384757042 3050
1755174090979 0.018475135788321495 3059
1755174091508 0.0176613200455904 3068
1755174091918 0.01888277567923069 3077
1755174092465 0.01880745403468609 3086
1755174092846 0.01701984368264675 3095
1755174093487 0.019073935225605965 3104
1755174094017 0.01802201010286808 3113
1755174095365 0.017759177833795547 3122
1755174095811 0.017712710425257683 3131
1755174096424 0.016802195459604263 3140
1755174096960 0.016900544986128807 3149
1755174097509 0.01891830749809742 3158
1755174097895 0.01751060038805008 3167
1755174098453 0.018093612045049667 3176
1755174098841 0.018305426463484764 3185
1755174099455 0.018294934183359146 3194
1755174099895 0.018150463700294495 3203
1755174100644 0.01862136460840702 3212
1755174101216 0.01767539419233799 3221
1755174101741 0.018121682107448578 3230
1755174102126 0.01830514334142208 3239
1755174102706 0.01892797276377678 3248
1755174103111 0.01805005967617035 3257
1755174103688 0.01869124546647072 3266
1755174104087 0.017969395965337753 3275
1755174104779 0.018388759344816208 3284
1755174105316 0.018681688234210014 3293
1755174106617 0.017570802941918373 3302
1755174107152 0.018879005685448647 3311
1755174107826 0.017826341092586517 3320
1755174108267 0.01869986765086651 3329
1755174108780 0.018143825232982635 3338
1755174109182 0.018341563642024994 3347
1755174109710 0.01825995370745659 3356
1755174110148 0.01806178130209446 3365
1755174110785 0.017947277054190636 3374
1755174111189 0.01832481287419796 3383
1755174111921 0.01843304932117462 3392
1755174112324 0.018364617601037025 3401
1755174112990 0.018229952082037926 3410
1755174113533 0.018037669360637665 3419
1755174114215 0.018335197120904922 3428
1755174114761 0.018277043476700783 3437
1755174115310 0.017921749502420425 3446
1755174115700 0.018772821873426437 3455
1755174116237 0.017999684438109398 3464
1755174116627 0.017923036590218544 3473
1755174117331 0.018285157158970833 3482
1755174118471 0.017832575365900993 3491
1755174119026 0.018287846818566322 3500
1755174119418 0.018336940556764603 3509
1755174119967 0.018350640311837196 3518
1755174120379 0.018800178542733192 3527
1755174120893 0.018321217969059944 3536
1755174121294 0.018061358481645584 3545
1755174122006 0.018476570025086403 3554
1755174122544 0.018592339009046555 3563
1755174123230 0.018806971609592438 3572
1755174123603 0.01881195604801178 3581
1755174124172 0.018024757504463196 3590
1755174124577 0.01840093545615673 3599
1755174125181 0.01781334914267063 3608
1755174125722 0.01873082108795643 3617
1755174126406 0.017694078385829926 3626
1755174126929 0.017810197547078133 3635
1755174127615 0.018406303599476814 3644
1755174128139 0.01875600405037403 3653
1755174128988 0.017624735832214355 3662
1755174129523 0.017770390957593918 3671
1755174130190 0.017846357077360153 3680
1755174130722 0.0181481521576643 3689
1755174131453 0.0176504198461771 3698
1755174131847 0.01831234246492386 3707
1755174132356 0.017786165699362755 3716
1755174132756 0.01786125637590885 3725
1755174133363 0.018074113875627518 3734
1755174133786 0.018204478546977043 3743
1755174134324 0.018536310642957687 3752
1755174134740 0.018118251115083694 3761
1755174135349 0.018104910850524902 3770
1755174135875 0.01849345862865448 3779
1755174136434 0.018543988466262817 3788
1755174136829 0.018048329278826714 3797
1755174137491 0.018245454877614975 3806
1755174137962 0.01808491349220276 3815
1755174138710 0.01823100633919239 3824
1755174139095 0.018099341541528702 3833
1755174139749 0.017905285581946373 3842
1755174140259 0.018399646505713463 3851
1755174140948 0.018815364688634872 3860
1755174141558 0.018092656508088112 3869
1755174143125 0.017212629318237305 3878
1755174143787 0.0172719806432724 3887
1755174144296 0.018590832129120827 3896
1755174144671 0.017952218651771545 3905
1755174145204 0.01748538389801979 3914
1755174145613 0.01762619987130165 3923
1755174146157 0.01869993843138218 3932
1755174146576 0.017570681869983673 3941
1755174147125 0.01835738867521286 3950
1755174147524 0.01777878776192665 3959
1755174148122 0.019113894551992416 3968
1755174148670 0.018944930285215378 3977
1755174149297 0.017836464568972588 3986
1755174149672 0.01792742684483528 3995
1755174150297 0.018368633463978767 4004
1755174152074 0.017113739624619484 4013
1755174152741 0.017922626808285713 4022
1755174153133 0.017869334667921066 4031
1755174153638 0.018601413816213608 4040
1755174154022 0.017434369772672653 4049
1755174154563 0.018168767914175987 4058
1755174154958 0.018059514462947845 4067
1755174155579 0.017896786332130432 4076
1755174156009 0.01838836446404457 4085
1755174156582 0.01808980293571949 4094
1755174157153 0.017397766932845116 4103
1755174157917 0.017945561558008194 4112
1755174158474 0.018286975100636482 4121
1755174159006 0.01784573122859001 4130
1755174159456 0.017745209857821465 4139
1755174160014 0.01837744191288948 4148
1755174160669 0.017791245132684708 4157
1755174161278 0.019223613664507866 4166
1755174162226 0.018599210307002068 4175
1755174162739 0.017780020833015442 4184
1755174163231 0.0185906533151865 4193
1755174163758 0.017918918281793594 4202
1755174164147 0.01875537820160389 4211
1755174164666 0.017794450744986534 4220
1755174165247 0.017244815826416016 4229
1755174165787 0.018018387258052826 4238
1755174166157 0.017568426206707954 4247
1755174166686 0.017715826630592346 4256
1755174167102 0.016847480088472366 4265
1755174167646 0.018725980073213577 4274
1755174168068 0.018223248422145844 4283
1755174168740 0.018611492589116096 4292
1755174169168 0.017908036708831787 4301
1755174169689 0.018439680337905884 4310
1755174170072 0.0188447255641222 4319
1755174170612 0.01837126910686493 4328
1755174171260 0.01761711947619915 4337
1755174171865 0.018231429159641266 4346
1755174172301 0.017499690875411034 4355
1755174172866 0.01805121637880802 4364
1755174173315 0.017125774174928665 4373
1755174173856 0.018547620624303818 4382
1755174174240 0.018236998468637466 4391
1755174174788 0.017975999042391777 4400
1755174175190 0.017609408125281334 4409
1755174175847 0.018388697877526283 4418
1755174176469 0.016840485855937004 4427
1755174176982 0.01806679554283619 4436
1755174177385 0.018009629100561142 4445
1755174177924 0.018059516325592995 4454
1755174178421 0.017810629680752754 4463
1755174178942 0.018328381702303886 4472
1755174179343 0.018409669399261475 4481
1755174179884 0.01729441247880459 4490
1755174180324 0.017756830900907516 4499
1755174180887 0.017771229147911072 4508
1755174181278 0.017863478511571884 4517
1755174181967 0.018251486122608185 4526
1755174182615 0.017525792121887207 4535
1755174183120 0.01849989779293537 4544
1755174183502 0.018124308437108994 4553
1755174184044 0.017797095701098442 4562
1755174185185 0.01783568784594536 4571
1755174185815 0.0180194228887558 4580
1755174186191 0.01744275912642479 4589
1755174186748 0.01819556951522827 4598
1755174187149 0.01837012730538845 4607
1755174187776 0.01823562942445278 4616
1755174188306 0.017831280827522278 4625
1755174188988 0.017462370917201042 4634
1755174189533 0.018644345924258232 4643
1755174190170 0.018218671903014183 4652
1755174190541 0.018259648233652115 4661
1755174191081 0.018305592238903046 4670
1755174191455 0.017732063308358192 4679
1755174191988 0.017437100410461426 4688
1755174192373 0.01846274733543396 4697
1755174193065 0.018685875460505486 4706
1755174193625 0.01808917708694935 4715
1755174194141 0.01833787001669407 4724
1755174194568 0.018520228564739227 4733
1755174195709 0.017854921519756317 4742
1755174196086 0.018565254285931587 4751
1755174196669 0.0178133063018322 4760
1755174197199 0.017404453828930855 4769
1755174197817 0.01810184307396412 4778
1755174198208 0.01861179806292057 4787
1755174198753 0.018164699897170067 4796
1755174199151 0.017725419253110886 4805
1755174199980 0.018042104318737984 4814
1755174200610 0.018572254106402397 4823
1755174201130 0.01838853769004345 4832
1755174201534 0.017343198880553246 4841
1755174202190 0.018168136477470398 4850
1755174202678 0.01872645691037178 4859
1755174203269 0.01822606846690178 4868
1755174203678 0.016654053702950478 4877
1755174204257 0.017822464928030968 4886
1755174204653 0.018184412270784378 4895
1755174205313 0.01726948283612728 4904
1755174205739 0.017644887790083885 4913
1755174206317 0.0186258964240551 4922
1755174206738 0.01867181994020939 4931
1755174207940 0.018113762140274048 4940
1755174208363 0.01867896318435669 4949
1755174208894 0.01847364753484726 4958
1755174209291 0.018949562683701515 4967
1755174209814 0.016752727329730988 4976
1755174210217 0.01891929656267166 4985
1755174210792 0.018505621701478958 4994
1755174211212 0.017647642642259598 5003
1755174211758 0.016952211037278175 5012
1755174212239 0.017152652144432068 5021
1755174212879 0.017957914620637894 5030
1755174213275 0.017188552767038345 5039
1755174213923 0.01807023026049137 5048
1755174214316 0.018321724608540535 5057
1755174215006 0.018134526908397675 5066
1755174215457 0.017941029742360115 5075
1755174215996 0.017215868458151817 5084
1755174216389 0.018178127706050873 5093
1755174217079 0.01853947341442108 5102
1755174217513 0.017453135922551155 5111
1755174218185 0.017941897734999657 5120
1755174218614 0.018023384734988213 5129
1755174219160 0.01809176430106163 5138
1755174219553 0.017780590802431107 5147
1755174220203 0.017391955479979515 5156
1755174220634 0.01821979135274887 5165
1755174221238 0.017573673278093338 5174
1755174221688 0.018786882981657982 5183
1755174222206 0.018646886572241783 5192
1755174222585 0.017947593703866005 5201
1755174223122 0.017271116375923157 5210
1755174223663 0.01810922846198082 5219
1755174224265 0.018617862835526466 5228
1755174224647 0.018595051020383835 5237
1755174225233 0.017816370353102684 5246
1755174225636 0.017988603562116623 5255
1755174226183 0.017509903758764267 5264
1755174226640 0.017470216378569603 5273
1755174227312 0.017895527184009552 5282
1755174227724 0.018175218254327774 5291
1755174228233 0.01775173656642437 5300
1755174228659 0.01816711202263832 5309
1755174229218 0.017724614590406418 5318
1755174229623 0.018369263038039207 5327
1755174230189 0.018135547637939453 5336
1755174230590 0.01810702122747898 5345
1755174231140 0.017912158742547035 5354
1755174231667 0.017467450350522995 5363
1755174232432 0.018389331176877022 5372
1755174232833 0.017891203984618187 5381
1755174233426 0.01800679601728916 5390
1755174233815 0.017860611900687218 5399
1755174234458 0.0184884425252676 5408
1755174234964 0.017576348036527634 5417
1755174235580 0.0176825113594532 5426
1755174235990 0.018986007198691368 5435
1755174236575 0.018030820414423943 5444
1755174236986 0.017135310918092728 5453
1755174237656 0.017521100118756294 5462
1755174238205 0.017883839085698128 5471
1755174238763 0.018394161015748978 5480
1755174239262 0.01802007481455803 5489
1755174239788 0.017495550215244293 5498
1755174240267 0.018776968121528625 5507
1755174240830 0.01758807897567749 5516
1755174241232 0.018062038347125053 5525
1755174241841 0.018341442570090294 5534
1755174242225 0.01736609637737274 5543
1755174242801 0.018202638253569603 5552
1755174243242 0.0173819437623024 5561
1755174243942 0.018173223361372948 5570
1755174244480 0.017257170751690865 5579
1755174245185 0.01793671026825905 5588
1755174245617 0.018040712922811508 5597
1755174246156 0.018162641674280167 5606
1755174246546 0.01786978356540203 5615
1755174247070 0.01822684146463871 5624
1755174247540 0.01876928098499775 5633
1755174248175 0.018175365403294563 5642
1755174248671 0.018331559374928474 5651
1755174249297 0.018145199865102768 5660
1755174249723 0.01835053227841854 5669
1755174250435 0.017983799800276756 5678
1755174250867 0.018394550308585167 5687
1755174251583 0.01813928224146366 5696
1755174251967 0.018161630257964134 5705
1755174252519 0.017165977507829666 5714
1755174252935 0.018234804272651672 5723
1755174253483 0.017585109919309616 5732
1755174253878 0.018250681459903717 5741
1755174254597 0.018397394567728043 5750
1755174255133 0.018228992819786072 5759
1755174255847 0.017661072313785553 5768
1755174256287 0.01868968829512596 5777
1755174256915 0.01741243712604046 5786
1755174257371 0.018389498814940453 5795
1755174258209 0.01798369362950325 5804
1755174258762 0.018654771149158478 5813
1755174259396 0.018134985119104385 5822
1755174259790 0.017507532611489296 5831
1755174260335 0.018118619918823242 5840
1755174260722 0.018581707030534744 5849
1755174261306 0.01854952983558178 5858
1755174261669 0.018507815897464752 5867
1755174262268 0.01790502294898033 5876
1755174262877 0.018449733033776283 5885
1755174263328 0.01826486922800541 5894
1755174263706 0.01837153173983097 5903
1755174264387 0.0181376114487648 5912
1755174264787 0.017480313777923584 5921
1755174265280 0.018390757963061333 5930
1755174265670 0.018260175362229347 5939
1755174266147 0.018518541008234024 5948
1755174266549 0.01865246146917343 5957
1755174267330 0.017864884808659554 5966
1755174267824 0.01770871691405773 5975
1755174268277 0.017756706103682518 5984
1755174268642 0.018473295494914055 5993
