1755173695001 0.6933159828186035 5
1755173695344 0.6939372420310974 11
1755173695690 0.6939921379089355 17
1755173696047 0.6938478350639343 23
1755173696391 0.6946086287498474 29
1755173696704 0.6947078704833984 35
1755173696985 0.6946475505828857 41
1755173697335 0.6942182183265686 47
1755173697661 0.6938424706459045 53
1755173697984 0.6938274502754211 59
1755173698317 0.6942028999328613 65
1755173698643 0.6938572525978088 71
1755173698953 0.6939852237701416 77
1755173699274 0.6938783526420593 83
1755173699600 0.6935122013092041 89
1755173699907 0.6935461163520813 95
1755173700261 0.6930515170097351 101
1755173700601 0.6931011080741882 107
1755173700913 0.6935372948646545 113
1755173701316 0.6934706568717957 119
1755173701622 0.6935458183288574 125
1755173701940 0.6935638785362244 131
1755173702208 0.6931256651878357 137
1755173705195 0.6930475234985352 143
1755173705780 0.6929593086242676 149
1755173706063 0.6928663849830627 155
1755173706404 0.6926762461662292 161
1755173706746 0.6921990513801575 167
1755173707024 0.6922226548194885 173
1755173707305 0.6923267245292664 179
1755173707632 0.6925754547119141 185
1755173707917 0.6925923228263855 191
1755173708270 0.6928731799125671 197
1755173708637 0.693153440952301 203
1755173708928 0.6931849122047424 209
1755173709313 0.6934608817100525 215
1755173709607 0.6938983798027039 221
1755173709987 0.6944331526756287 227
1755173710371 0.6947512030601501 233
1755173710729 0.6955769062042236 239
1755173711059 0.6962688565254211 245
1755173711349 0.6967210173606873 251
1755173711632 0.6971957683563232 257
1755173712065 0.6981285214424133 263
1755173712340 0.6995322108268738 269
1755173712692 0.7009788155555725 275
1755173712993 0.7022369503974915 281
1755173713458 0.7037119269371033 287
1755173713745 0.7055373787879944 293
1755173714117 0.7070562243461609 299
1755173714596 0.7086995244026184 305
1755173715021 0.7091386914253235 311
1755173715572 0.7090939879417419 317
1755173716032 0.7091214656829834 323
1755173716459 0.7092528939247131 329
1755173716918 0.7099054455757141 335
1755173717362 0.7105319499969482 341
1755173717784 0.7117531895637512 347
1755173718208 0.7117369771003723 353
1755173718750 0.710594892501831 359
1755173719145 0.7083508372306824 365
1755173719507 0.7057588696479797 371
1755173719864 0.7030379772186279 377
1755173720196 0.7009239196777344 383
1755173720532 0.7000041007995605 389
1755173720891 0.7001674771308899 395
1755173721335 0.7022907733917236 401
1755173721784 0.7044937014579773 407
1755173722230 0.7067787647247314 413
1755173722762 0.7093636989593506 419
1755173723271 0.7102950215339661 425
1755173723699 0.7103357315063477 431
1755173724226 0.7099453806877136 437
1755173724566 0.7092968821525574 443
1755173724889 0.7085136771202087 449
1755173725215 0.7072491645812988 455
1755173725581 0.7058663964271545 461
1755173725926 0.704289436340332 467
1755173726271 0.7034502625465393 473
1755173726738 0.7020947337150574 479
1755173727261 0.7024528980255127 485
1755173728132 0.7030114531517029 491
1755173728530 0.7037758231163025 497
1755173728853 0.7047901153564453 503
1755173729179 0.7058289051055908 509
1755173729534 0.7063140273094177 515
1755173729882 0.7069352269172668 521
1755173730274 0.7074870467185974 527
1755173730713 0.7077550292015076 533
1755173731255 0.7079026103019714 539
1755173732448 0.7069277763366699 545
1755173732850 0.7050867676734924 551
1755173733152 0.7039444446563721 557
1755173733466 0.7034432291984558 563
1755173733783 0.7027751803398132 569
1755173734123 0.7014153599739075 575
1755173734548 0.6997336745262146 581
1755173734969 0.6985723972320557 587
1755173735374 0.6979067921638489 593
1755173735788 0.6975383162498474 599
1755173736183 0.6978031992912292 605
1755173736712 0.6984128355979919 611
1755173737082 0.6992068290710449 617
1755173737388 0.7001546025276184 623
1755173737680 0.7012354731559753 629
1755173737973 0.702420711517334 635
1755173738280 0.7029188275337219 641
1755173739051 0.702294111251831 647
1755173739444 0.7016327381134033 653
1755173739849 0.7012551426887512 659
1755173740143 0.701181948184967 665
1755173740421 0.7018968462944031 671
1755173740738 0.7022809386253357 677
1755173741039 0.7027237415313721 683
1755173741343 0.7031320929527283 689
1755173741652 0.7036574482917786 695
1755173742009 0.7043917775154114 701
1755173742518 0.7051888108253479 707
1755173742899 0.7060925364494324 713
1755173743219 0.707258403301239 719
1755173743507 0.7082832455635071 725
1755173743819 0.7099401950836182 731
1755173744224 0.7109017372131348 737
1755173744519 0.7112792134284973 743
1755173744896 0.7115378379821777 749
1755173745228 0.7104969620704651 755
1755173745513 0.7090795040130615 761
1755173745809 0.7074328064918518 767
1755173746131 0.7051822543144226 773
1755173746439 0.7024030089378357 779
1755173746754 0.69940185546875 785
1755173747071 0.6962943077087402 791
1755173747394 0.6935299038887024 797
1755173747757 0.6908109784126282 803
1755173748265 0.6885898113250732 809
1755173748776 0.6867761015892029 815
1755173749277 0.6851272583007812 821
1755173750328 0.684195339679718 827
1755173750703 0.6835813522338867 833
1755173751147 0.6831307411193848 839
1755173751462 0.6827115416526794 845
1755173751734 0.6825751662254333 851
1755173752052 0.6835833191871643 857
1755173752436 0.6846227049827576 863
1755173752826 0.6859416961669922 869
1755173753153 0.6871635317802429 875
1755173753652 0.6882702708244324 881
1755173753979 0.68902987241745 887
1755173754357 0.6892004013061523 893
1755173754861 0.6895334124565125 899
1755173755219 0.689145028591156 905
1755173755743 0.6880965232849121 911
1755173756283 0.6873345375061035 917
1755173756681 0.6863658428192139 923
1755173756991 0.6850044131278992 929
1755173757300 0.6841790080070496 935
1755173757589 0.683245837688446 941
1755173758038 0.6820509433746338 947
1755173758382 0.681276261806488 953
1755173758727 0.6806014180183411 959
1755173759024 0.6796161532402039 965
1755173759324 0.6789543032646179 971
1755173759622 0.6782567501068115 977
1755173760012 0.6775729656219482 983
1755173760407 0.6767539978027344 989
1755173760734 0.6762794852256775 995
1755173761086 0.6759264469146729 1001
1755173761914 0.6753397583961487 1007
1755173762385 0.6747398376464844 1013
1755173762910 0.6739118099212646 1019
1755173763480 0.6734881401062012 1025
1755173763953 0.672947108745575 1031
1755173764388 0.6724594235420227 1037
1755173764762 0.6719761490821838 1043
1755173765272 0.6710458397865295 1049
1755173765687 0.6698538661003113 1055
1755173766187 0.6678311824798584 1061
1755173766717 0.6668527722358704 1067
1755173767176 0.6654497981071472 1073
1755173767698 0.6636087894439697 1079
1755173768203 0.6622446179389954 1085
1755173768727 0.6606624126434326 1091
1755173769196 0.658794105052948 1097
1755173769583 0.6575133204460144 1103
1755173770038 0.6562476754188538 1109
1755173770367 0.6535853743553162 1115
1755173770746 0.6525151133537292 1121
1755173771083 0.6507142186164856 1127
1755173771463 0.6491147875785828 1133
1755173771876 0.6471127867698669 1139
1755173772205 0.6451545357704163 1145
1755173772557 0.6425219178199768 1151
1755173773007 0.6404049396514893 1157
1755173773519 0.6388309597969055 1163
1755173773969 0.6369408965110779 1169
1755173774418 0.6344550251960754 1175
1755173774746 0.631105899810791 1181
1755173775256 0.6291090846061707 1187
1755173775564 0.6268228888511658 1193
1755173775890 0.6241840720176697 1199
