1755168398210 0.0 5
1755168398394 0.0 5
1755168399222 1.0 8
1755168399317 1.0 11
1755168399463 1.0 11
1755168399624 2.0 17
1755168399650 2.0 17
1755168399789 2.0 17
1755168399953 3.0 23
1755168400102 3.0 23
1755168400170 4.0 26
1755168400257 4.0 29
1755168400404 4.0 29
1755168400556 5.0 35
1755168400576 5.0 35
1755168400749 5.0 35
1755168400932 6.0 41
1755168401077 6.0 41
1755168401153 7.0 44
1755168401246 7.0 47
1755168401521 7.0 47
1755168401678 8.0 53
1755168401708 8.0 53
1755168401911 8.0 53
1755168402083 9.0 59
1755168402261 9.0 59
1755168402328 10.0 62
1755168402441 10.0 65
1755168402617 10.0 65
1755168402772 11.0 71
1755168402792 11.0 71
1755168402950 11.0 71
1755168403113 12.0 77
1755168403329 12.0 77
1755168403424 13.0 80
1755168403531 13.0 83
1755168403764 13.0 83
1755168403975 14.0 89
1755168403991 14.0 89
1755168404165 14.0 89
1755168404341 15.0 95
1755168404514 15.0 95
1755168404610 16.0 98
1755168404702 16.0 101
1755168404896 16.0 101
1755168405069 17.0 107
1755168405099 17.0 107
1755168405296 17.0 107
1755168405474 18.0 113
1755168406126 18.0 113
1755168406284 19.0 116
1755168406439 19.0 119
1755168406621 19.0 119
1755168406886 20.0 125
1755168406917 20.0 125
1755168407126 20.0 125
1755168407350 21.0 131
1755168407477 21.0 131
1755168407579 22.0 134
1755168407676 22.0 137
1755168407778 22.0 137
1755168407968 23.0 143
1755168408000 23.0 143
1755168408213 23.0 143
1755168408402 24.0 149
1755168408614 24.0 149
1755168408718 25.0 152
1755168408871 25.0 155
1755168409050 25.0 155
1755168409220 26.0 161
1755168409256 26.0 161
1755168409439 26.0 161
1755168409641 27.0 167
1755168409820 27.0 167
1755168409896 28.0 170
1755168410004 28.0 173
1755168410176 28.0 173
1755168410355 29.0 179
1755168410380 29.0 179
1755168410569 29.0 179
1755168410794 30.0 185
1755168413919 30.0 185
1755168414148 31.0 188
1755168414372 31.0 191
1755168414836 32.0 197
1755168414876 32.0 197
1755168415377 33.0 203
1755168415691 34.0 206
1755168415864 34.0 209
1755168416092 34.0 209
1755168416382 35.0 215
1755168416428 35.0 215
1755168417137 36.0 221
1755168417260 36.0 221
1755168417412 37.0 224
1755168417594 37.0 227
1755168417813 37.0 227
1755168418226 38.0 233
1755168418256 38.0 233
1755168418758 39.0 239
1755168418977 39.0 239
1755168419149 40.0 242
1755168419322 40.0 245
1755168419536 40.0 245
1755168419816 41.0 251
1755168419860 41.0 251
1755168420327 42.0 257
1755168420490 42.0 257
1755168420607 43.0 260
1755168420726 43.0 263
1755168421140 44.0 269
1755168421176 44.0 269
1755168421594 45.0 275
1755168421870 46.0 278
1755168422003 46.0 281
1755168422523 47.0 287
1755168422558 47.0 287
1755168422763 47.0 287
1755168423068 48.0 293
1755168423267 48.0 293
1755168423418 49.0 296
1755168423603 49.0 299
1755168424070 50.0 305
1755168424102 50.0 305
1755168424597 51.0 311
1755168424812 51.0 311
1755168424965 52.0 314
1755168425134 52.0 317
1755168425614 53.0 323
1755168425640 53.0 323
1755168425844 53.0 323
1755168426124 54.0 329
1755168426397 55.0 332
1755168426525 55.0 335
1755168426735 55.0 335
1755168426913 56.0 341
1755168426949 56.0 341
1755168427302 57.0 347
1755168427670 58.0 350
1755168427776 58.0 353
1755168428414 59.0 359
1755168428451 59.0 359
1755168428630 59.0 359
1755168428930 60.0 365
1755168429222 61.0 368
1755168429407 61.0 371
1755168429913 62.0 377
1755168429948 62.0 377
1755168430143 62.0 377
1755168430425 63.0 383
1755168430716 64.0 386
1755168430894 64.0 389
1755168431322 65.0 395
1755168431348 65.0 395
1755168431552 65.0 395
1755168431766 66.0 401
1755168432052 67.0 404
1755168432171 67.0 407
1755168432344 67.0 407
1755168432536 68.0 413
1755168432568 68.0 413
1755168432761 68.0 413
1755168432939 69.0 419
1755168433475 69.0 419
1755168433607 70.0 422
1755168433780 70.0 425
1755168434234 71.0 431
1755168434274 71.0 431
1755168434487 71.0 431
1755168434790 72.0 437
1755168434983 72.0 437
1755168435125 73.0 440
1755168435294 73.0 443
1755168435396 73.0 443
1755168435695 74.0 449
1755168435721 74.0 449
1755168436084 75.0 455
1755168436244 75.0 455
1755168436462 76.0 458
1755168436594 76.0 461
1755168436809 76.0 461
1755168437013 77.0 467
1755168437034 77.0 467
1755168437413 78.0 473
1755168437734 79.0 476
1755168437897 79.0 479
1755168438107 79.0 479
1755168438404 80.0 485
1755168438440 80.0 485
1755168438649 80.0 485
1755168438918 81.0 491
1755168439310 81.0 491
1755168439413 82.0 494
1755168439544 82.0 497
1755168439710 82.0 497
1755168439879 83.0 503
1755168439900 83.0 503
1755168440371 84.0 509
1755168440561 84.0 509
1755168440649 85.0 512
1755168440822 85.0 515
1755168441176 86.0 521
1755168441207 86.0 521
1755168441309 86.0 521
1755168441621 87.0 527
1755168441832 87.0 527
1755168441985 88.0 530
1755168442145 88.0 533
1755168442508 89.0 539
1755168442528 89.0 539
1755168442636 89.0 539
1755168442942 90.0 545
1755168443059 90.0 545
1755168443201 91.0 548
1755168443370 91.0 551
1755168443487 91.0 551
1755168443749 92.0 557
1755168443790 92.0 557
1755168443906 92.0 557
1755168444208 93.0 563
1755168444336 93.0 563
1755168444496 94.0 566
1755168444664 94.0 569
1755168445016 95.0 575
1755168445052 95.0 575
1755168445154 95.0 575
1755168445435 96.0 581
1755168445557 96.0 581
1755168445716 97.0 584
1755168445885 97.0 587
1755168446070 97.0 587
1755168446310 98.0 593
1755168446346 98.0 593
1755168446424 98.0 593
1755168446655 99.0 599
1755168446853 100.0 602
1755168446971 100.0 605
1755168447097 100.0 605
1755168447292 101.0 611
1755168447312 101.0 611
1755168447571 102.0 617
1755168447683 102.0 617
1755168447779 103.0 620
1755168447882 103.0 623
1755168447991 103.0 623
1755168448170 104.0 629
1755168448190 104.0 629
1755168448471 105.0 635
1755168448631 106.0 638
1755168448733 106.0 641
1755168448861 106.0 641
1755168449060 107.0 647
1755168449086 107.0 647
1755168449419 108.0 653
1755168449572 108.0 653
1755168449688 109.0 656
1755168449800 109.0 659
1755168450095 110.0 665
1755168450155 110.0 665
1755168450287 110.0 665
1755168450607 111.0 671
1755168450708 111.0 671
1755168450866 112.0 674
1755168451039 112.0 677
1755168451455 113.0 683
1755168451511 113.0 683
1755168451636 113.0 683
1755168451931 114.0 689
1755168452129 115.0 692
1755168452257 115.0 695
1755168452374 115.0 695
1755168452564 116.0 701
1755168452590 116.0 701
1755168452890 117.0 707
1755168453208 118.0 710
1755168453350 118.0 713
1755168454137 118.0 713
1755168454428 119.0 719
1755168454460 119.0 719
1755168454597 119.0 719
1755168454898 120.0 725
1755168455153 121.0 728
1755168455325 121.0 731
1755168455443 121.0 731
1755168455753 122.0 737
1755168455779 122.0 737
1755168456323 123.0 743
1755168456434 123.0 743
1755168456569 124.0 746
1755168456761 124.0 749
1755168456901 124.0 749
1755168457194 125.0 755
1755168457224 125.0 755
1755168457636 126.0 761
1755168457752 126.0 761
1755168457905 127.0 764
1755168458083 127.0 767
1755168458521 128.0 773
1755168458557 128.0 773
1755168458954 129.0 779
1755168459199 130.0 782
1755168459367 130.0 785
1755168459523 130.0 785
1755168459833 131.0 791
1755168459869 131.0 791
1755168459986 131.0 791
1755168460283 132.0 797
1755168460487 133.0 800
1755168460609 133.0 803
1755168460878 134.0 809
1755168460914 134.0 809
1755168461240 135.0 815
1755168461533 136.0 818
1755168462141 136.0 821
1755168462259 136.0 821
1755168462586 137.0 827
1755168462618 137.0 827
1755168463059 138.0 833
1755168463181 138.0 833
1755168463328 139.0 836
1755168463491 139.0 839
1755168463879 140.0 845
1755168463914 140.0 845
1755168464168 140.0 845
1755168464482 141.0 851
1755168464727 142.0 854
1755168464921 142.0 857
1755168465058 142.0 857
1755168465334 143.0 863
1755168465370 143.0 863
1755168465477 143.0 863
1755168465764 144.0 869
1755168466014 145.0 872
1755168466177 145.0 875
1755168466517 146.0 881
1755168466543 146.0 881
1755168466651 146.0 881
1755168466880 147.0 887
1755168467059 148.0 890
1755168467191 148.0 893
1755168467447 149.0 899
1755168467478 149.0 899
1755168467778 150.0 905
1755168467890 150.0 905
1755168468002 151.0 908
1755168468110 151.0 911
1755168468447 152.0 917
1755168468483 152.0 917
1755168468605 152.0 917
1755168468898 153.0 923
1755168469077 154.0 926
1755168469217 154.0 929
1755168469579 155.0 935
1755168469605 155.0 935
1755168470088 156.0 941
1755168470191 156.0 941
1755168470282 157.0 944
1755168470395 157.0 947
1755168470492 157.0 947
1755168470672 158.0 953
1755168470708 158.0 953
1755168471083 159.0 959
1755168471317 160.0 962
1755168471483 160.0 965
1755168471866 161.0 971
1755168471892 161.0 971
1755168472088 161.0 971
1755168472267 162.0 977
1755168472427 163.0 980
1755168472535 163.0 983
1755168472643 163.0 983
1755168472813 164.0 989
1755168473599 164.0 989
1755168474071 165.0 995
1755168474291 166.0 998
1755168474446 166.0 1001
1755168474769 167.0 1007
1755168474801 167.0 1007
1755168474914 167.0 1007
1755168475182 168.0 1013
1755168475281 168.0 1013
1755168475414 169.0 1016
1755168475568 169.0 1019
1755168475896 170.0 1025
1755168475933 170.0 1025
1755168476193 171.0 1031
1755168476383 172.0 1034
1755168476495 172.0 1037
1755168476751 173.0 1043
1755168476777 173.0 1043
1755168477047 174.0 1049
1755168477140 174.0 1049
1755168477221 175.0 1052
1755168477334 175.0 1055
1755168477591 176.0 1061
1755168477616 176.0 1061
1755168477893 177.0 1067
1755168478082 178.0 1070
1755168478200 178.0 1073
1755168478456 179.0 1079
1755168478481 179.0 1079
1755168478782 180.0 1085
1755168479068 181.0 1088
1755168479232 181.0 1091
1755168479577 182.0 1097
1755168479613 182.0 1097
1755168479972 183.0 1103
1755168480217 184.0 1106
1755168480371 184.0 1109
1755168480696 185.0 1115
1755168480729 185.0 1115
1755168480815 185.0 1115
1755168481013 186.0 1121
1755168481192 187.0 1124
1755168481289 187.0 1127
1755168481555 188.0 1133
1755168481580 188.0 1133
1755168481847 189.0 1139
1755168482005 190.0 1142
1755168482127 190.0 1145
1755168482388 191.0 1151
1755168482413 191.0 1151
1755168482684 192.0 1157
1755168482869 193.0 1160
1755168482977 193.0 1163
1755168483244 194.0 1169
1755168483264 194.0 1169
1755168483361 194.0 1169
1755168483547 195.0 1175
1755168483755 196.0 1178
1755168483868 196.0 1181
1755168484529 197.0 1187
1755168484557 197.0 1187
1755168484921 198.0 1193
1755168485142 199.0 1196
1755168485298 199.0 1199
