1755168398460 5.849258337096004e-05 8
1755168399604 5.84898773113203e-05 17
1755168400154 5.8479053907363545e-05 26
1755168400521 5.847093723068509e-05 35
1755168401128 5.844929643127133e-05 44
1755168401648 5.843577364344248e-05 53
1755168402312 5.8403327462235655e-05 62
1755168402746 5.838440607029097e-05 71
1755168403394 5.834117251944998e-05 80
1755168403927 5.8316863027402745e-05 89
1755168404580 5.826286610758216e-05 98
1755168405039 5.823318201059318e-05 107
1755168406234 5.816845169761953e-05 116
1755168406846 5.813340947450547e-05 125
1755168407543 5.805798170273645e-05 134
1755168407932 5.801760080682177e-05 143
1755168408682 5.793151744919774e-05 152
1755168409197 5.7885820297515385e-05 161
1755168409876 5.780573405670219e-05 170
1755168410338 5.778912914231396e-05 179
1755168414078 5.775533254972424e-05 188
1755168414790 5.775533254972424e-05 197
1755168415641 5.775533254972424e-05 206
1755168416336 5.77031724986372e-05 215
1755168417364 5.766742374671615e-05 224
1755168418180 5.764925712091873e-05 233
1755168419089 5.7612339992209364e-05 242
1755168419770 5.759358974232327e-05 251
1755168420569 5.7574645206321565e-05 260
1755168421104 5.7574645206321565e-05 269
1755168421824 5.7574645206321565e-05 278
1755168422475 5.7574645206321565e-05 287
1755168423370 5.7516647186712766e-05 296
1755168424022 5.7516647186712766e-05 305
1755168424920 5.749692681798864e-05 314
1755168425568 5.749692681798864e-05 323
1755168426365 5.74569053462324e-05 332
1755168426883 5.743660451750297e-05 341
1755168427624 5.743660451750297e-05 350
1755168428209 5.743660451750297e-05 359
1755168429175 5.741611047861707e-05 368
1755168429867 5.741611047861707e-05 377
1755168430676 5.735347051227451e-05 386
1755168431287 5.735347051227451e-05 395
1755168432021 5.728909679056628e-05 404
1755168432504 5.726725428760793e-05 413
1755168433567 5.7155164071251544e-05 422
1755168434177 5.7155164071251544e-05 431
1755168435079 5.7062047934400295e-05 440
1755168435644 5.7038291890566945e-05 449
1755168436324 5.7014345366567295e-05 458
1755168436980 5.694136456135926e-05 467
1755168437688 5.694136456135926e-05 476
1755168438340 5.686667542142178e-05 485
1755168439383 5.6764440470092204e-05 494
1755168439853 5.6738409783032225e-05 503
1755168440623 5.6712190671164325e-05 512
1755168441124 5.6712190671164325e-05 521
1755168441930 5.657827507443717e-05 530
1755168442457 5.657827507443717e-05 539
1755168443150 5.6495676318108376e-05 548
1755168443713 5.643967636034156e-05 557
1755168444439 5.626720968218391e-05 566
1755168444975 5.626720968218391e-05 575
1755168445670 5.617847353315834e-05 584
1755168446290 5.61183928272526e-05 593
1755168446813 5.608807610811548e-05 602
1755168447256 5.5996022983194345e-05 611
1755168447746 5.590231983666526e-05 620
1755168448139 5.587071977911656e-05 629
1755168448605 5.587071977911656e-05 638
1755168449023 5.577482561250861e-05 647
1755168449658 5.5742496955927604e-05 656
1755168450065 5.5742496955927604e-05 665
1755168450810 5.567729506878848e-05 674
1755168451389 5.567729506878848e-05 683
1755168452099 5.56444222851168e-05 692
1755168452522 5.5578134164099524e-05 701
1755168453178 5.5578134164099524e-05 710
1755168454381 5.554471928108529e-05 719
1755168455107 5.551112415468417e-05 728
1755168455707 5.547734901515341e-05 737
1755168456521 5.544339409398403e-05 746
1755168457152 5.5374945838852886e-05 755
1755168457860 5.530578126583426e-05 764
1755168458475 5.530578126583426e-05 773
1755168459148 5.530578126583426e-05 782
1755168459782 5.5235902271109845e-05 791
1755168460451 5.52006954635218e-05 800
1755168460848 5.52006954635218e-05 809
1755168461489 5.52006954635218e-05 818
1755168462522 5.516531077044759e-05 827
1755168463288 5.509400869914914e-05 836
1755168463823 5.509400869914914e-05 845
1755168464677 5.502199801199679e-05 854
1755168465293 5.4985727553658456e-05 863
1755168465952 5.494928068319993e-05 872
1755168466487 5.494928068319993e-05 881
1755168467023 5.4912657650424006e-05 890
1755168467422 5.4912657650424006e-05 899
1755168467962 5.483888410316628e-05 908
1755168468401 5.483888410316628e-05 917
1755168469058 5.4764408934424334e-05 926
1755168469549 5.4764408934424334e-05 935
1755168470251 5.4726908879301414e-05 944
1755168470642 5.468923418597253e-05 953
1755168471251 5.468923418597253e-05 962
1755168471810 5.468923418597253e-05 971
1755168472401 5.465138511265583e-05 980
1755168472777 5.46133619187646e-05 989
1755168474240 5.46133619187646e-05 998
1755168474721 5.46133619187646e-05 1007
1755168475368 5.449825022566722e-05 1016
1755168475876 5.449825022566722e-05 1025
1755168476347 5.449825022566722e-05 1034
1755168476725 5.449825022566722e-05 1043
1755168477201 5.445953316745223e-05 1052
1755168477551 5.445953316745223e-05 1061
1755168478052 5.445953316745223e-05 1070
1755168478430 5.445953316745223e-05 1079
1755168479038 5.445953316745223e-05 1088
1755168479531 5.445953316745223e-05 1097
1755168480166 5.445953316745223e-05 1106
1755168480664 5.445953316745223e-05 1115
1755168481150 5.4420643303594474e-05 1124
1755168481524 5.4420643303594474e-05 1133
1755168481979 5.4420643303594474e-05 1142
1755168482357 5.4420643303594474e-05 1151
1755168482838 5.4420643303594474e-05 1160
1755168483212 5.4420643303594474e-05 1169
1755168483691 5.438158090064073e-05 1178
1755168484477 5.438158090064073e-05 1187
1755168485102 5.438158090064073e-05 1196
