1755168398460 0.00010442835660814996 8
1755168399604 0.00011988153355224596 17
1755168400154 0.0001460440729079322 26
1755168400521 0.00018226456317483382 35
1755168401128 0.00022764116361080112 44
1755168401648 0.00028104405883476436 53
1755168402312 0.0003411435896867603 62
1755168402746 0.0004064433599251298 71
1755168403394 0.00047531749444934145 80
1755168403927 0.0005460511213695736 89
1755168404580 0.0006168830699748099 98
1755168405039 0.0006860497214783536 107
1755168406234 0.0007518289207170815 116
1755168406846 0.0008125828554630979 125
1755168407543 0.0008667988357114875 134
1755168407932 0.0009131269575955902 143
1755168408682 0.0009504137141497492 152
1755168409197 0.000977730716057437 161
1755168409876 0.0009943978072773575 170
1755168410338 0.001 179
1755168414078 0.0009998079155196077 188
1755168414790 0.000999231809665697 197
1755168415641 0.0009982721250866692 206
1755168416336 0.0009969295991519524 215
1755168417364 0.000995205263385448 224
1755168418180 0.0009931004426729645 233
1755168419089 0.0009906167542442451 242
1755168419770 0.0009877561064303784 251
1755168420569 0.0009845206971975397 260
1755168421104 0.0009809130124581937 269
1755168421824 0.0009769358241610538 278
1755168422475 0.0009725921881612691 287
1755168423370 0.0009678854418724692 296
1755168424022 0.0009628192017024793 305
1755168424920 0.0009573973602746682 314
1755168425568 0.0009516240834370678 323
1755168426365 0.0009455038070615631 332
1755168426883 0.0009390412336356086 341
1755168427624 0.0009322413286490935 350
1755168428209 0.0009251093167791286 359
1755168429175 0.0009176506778756892 368
1755168429867 0.0009098711427511962 377
1755168430676 0.0009017766887772716 386
1755168431287 0.0008933735352920517 395
1755168432021 0.0008846681388215847 404
1755168432504 0.000875667188118989 413
1755168433567 0.000866377599025178 422
1755168434177 0.0008568065091551042 431
1755168435079 0.0008469612724136048 440
1755168435644 0.0008368494533450606 449
1755168436324 0.0008264788213212113 458
1755168436980 0.0008158573445715944 467
1755168437688 0.0008049931840611888 476
1755168438340 0.0007938946872199752 485
1755168439383 0.0007825703815292239 494
1755168439853 0.0007710289679694424 503
1755168440623 0.0007592793143350151 512
1755168441124 0.0007473304484206726 521
1755168441930 0.0007351915510850251 530
1755168442457 0.0007228719491964904 539
1755168443150 0.0007103811084670352 548
1755168443713 0.000697728626179237 557
1755168444439 0.0006849242238122544 566
1755168444975 0.000671977739572371 575
1755168445670 0.000658899120833853 584
1755168446290 0.000645698416495928 593
1755168446813 0.0006323857692617571 602
1755168447256 0.0006189714078453343 611
1755168447746 0.0006054656391122978 620
1755168448139 0.0005918788401606962 629
1755168448605 0.0005782214503477904 638
1755168449023 0.0005645039632690192 647
1755168449658 0.0005507369186952914 656
1755168450065 0.0005369308944747997 665
1755168450810 0.0005230964984055767 674
1755168451389 0.0005092443600850402 683
1755168452099 0.0004953851227427893 692
1755168452522 0.0004815294350629246 701
1755168453178 0.00046768794300217965 710
1755168454381 0.0004538712816101464 719
1755168455107 0.0004400900668578815 728
1755168455707 0.0004263548874811715 737
1755168456521 0.0004126762968447251 746
1755168457152 0.00039906480483354077 755
1755168457860 0.00038553086977768285 764
1755168458475 0.0003720848904166702 773
1755168459148 0.0003587371979096503 782
1755168459782 0.0003454980478974982 791
1755168460451 0.00033237761262293986 800
1755168460848 0.0003193859731147545 809
1755168461489 0.0003065331114420604 818
1755168462522 0.0002938289030446357 827
1755168463288 0.00028128310914516785 836
1755168463823 0.0002689053692492612 845
1755168464677 0.00025670519373896473 854
1755168465293 0.0002446919565655125 863
1755168465952 0.00023287488804688862 872
1755168466487 0.00022126306777575398 881
1755168467023 0.00020986541764318002 890
1755168467422 0.00019869069498355376 899
1755168467962 0.00018774748584591815 908
1755168468401 0.00017704419839691888 917
1755168469058 0.0001665890564604268 926
1755168469549 0.00015639009319879852 935
1755168470251 0.0001464551449406322 944
1755168470642 0.00013679184515975808 953
1755168471251 0.0001274076186100926 962
1755168471810 0.00011830967562086222 971
1755168472401 0.00010950500655657714 980
1755168472777 0.00010100037644601665 989
1755168474240 9.280231978434863e-05 998
1755168474721 8.491713551237884e-05 1007
1755168475368 7.735088217678735e-05 1016
1755168475876 7.010937327507101e-05 1025
1755168476347 6.319817278876843e-05 1034
1755168476725 5.6622590908398656e-05 1043
1755168477201 5.038767995339988e-05 1052
1755168477551 4.449823049020201e-05 1061
1755168478052 3.895876765141632e-05 1070
1755168478430 3.3773547658969176e-05 1079
1755168479038 2.8946554553852624e-05 1088
1755168479531 2.4481497135004713e-05 1097
1755168480166 2.0381806109669318e-05 1106
1755168480664 1.6650631457427635e-05 1115
1755168481150 1.3290840009925374e-05 1124
1755168481524 1.0305013248155064e-05 1133
1755168481979 7.695445318986463e-06 1142
1755168482357 5.464141272468877e-06 1151
1755168482838 3.6128155212600233e-06 1160
1755168483212 2.1428905233642414e-06 1169
1755168483691 1.055495689193417e-06 1178
1755168484477 3.5146651378926214e-07 1187
1755168485102 3.134393487457719e-08 1196
