1755173871314 0.6933159232139587 5
1755173871655 0.6939368844032288 11
1755173872017 0.6939912438392639 17
1755173872322 0.6938493251800537 23
1755173872677 0.6946074962615967 29
1755173873061 0.6947346329689026 35
1755173873352 0.6946454048156738 41
1755173873709 0.6941094398498535 47
1755173874101 0.6936786770820618 53
1755173874399 0.69380784034729 59
1755173874739 0.6939175724983215 65
1755173875192 0.693708598613739 71
1755173875529 0.6938245296478271 77
1755173875936 0.6937564015388489 83
1755173876340 0.6935412287712097 89
1755173876685 0.6936941146850586 95
1755173877067 0.6931037902832031 101
1755173877528 0.6931018829345703 107
1755173877892 0.6935393214225769 113
1755173878315 0.6935635209083557 119
1755173878721 0.6936593651771545 125
1755173879135 0.6937373280525208 131
1755173879542 0.693615734577179 137
1755173879962 0.6937655806541443 143
1755173880404 0.6935124397277832 149
1755173882285 0.6932047009468079 155
1755173882804 0.6932725310325623 161
1755173883191 0.6929078102111816 167
1755173883635 0.6928181648254395 173
1755173884012 0.6930666565895081 179
1755173884414 0.6932506561279297 185
1755173884928 0.6929579377174377 191
1755173885462 0.6928799748420715 197
1755173885951 0.6927919387817383 203
1755173886355 0.6922664642333984 209
1755173887595 0.6919357180595398 215
1755173888041 0.691775381565094 221
1755173888568 0.6918142437934875 227
1755173889158 0.691521406173706 233
1755173889653 0.6914427280426025 239
1755173890087 0.6912313103675842 245
1755173890525 0.6907228827476501 251
1755173890916 0.6901214122772217 257
1755173891363 0.6893449425697327 263
1755173891874 0.6888566017150879 269
1755173892230 0.6890252232551575 275
1755173892606 0.6891445517539978 281
1755173893150 0.6883748173713684 287
1755173893698 0.6879119873046875 293
1755173894253 0.6876254677772522 299
1755173894781 0.6869205832481384 305
1755173895187 0.6857564449310303 311
1755173895583 0.6849837303161621 317
1755173895987 0.6845794320106506 323
1755173896322 0.6844033598899841 329
1755173896636 0.6839918494224548 335
1755173897064 0.6839401125907898 341
1755173897564 0.6829264163970947 347
1755173898104 0.6821580529212952 353
1755173898861 0.6813932061195374 359
1755173899265 0.6799678802490234 365
1755173899676 0.6794231534004211 371
1755173900083 0.6789481043815613 377
1755173900382 0.6783314347267151 383
1755173901036 0.6768239140510559 389
1755173901372 0.676466166973114 395
1755173901764 0.6762142181396484 401
1755173902203 0.6748493313789368 407
1755173902735 0.6744804382324219 413
1755173903173 0.6742509007453918 419
1755173903614 0.6734912395477295 425
1755173904111 0.6718937754631042 431
1755173904544 0.6715843677520752 437
1755173905063 0.6716265678405762 443
1755173905588 0.6724653840065002 449
1755173906036 0.672736406326294 455
1755173906488 0.6721894145011902 461
1755173906962 0.6729903817176819 467
1755173907343 0.6724627017974854 473
1755173907660 0.673731803894043 479
1755173908067 0.6737930178642273 485
1755173908373 0.6747111678123474 491
1755173908851 0.675285816192627 497
1755173909410 0.6755622029304504 503
1755173909892 0.6760147213935852 509
1755173910333 0.6766857504844666 515
1755173910787 0.6779224276542664 521
1755173911207 0.6792953610420227 527
1755173911551 0.680574357509613 533
1755173911882 0.6810949444770813 539
1755173912254 0.6819837689399719 545
1755173912591 0.6829660534858704 551
1755173912966 0.6843972206115723 557
1755173913381 0.6853335499763489 563
1755173913804 0.6866278052330017 569
1755173914271 0.6870541572570801 575
1755173914676 0.6880186200141907 581
1755173914980 0.6881437301635742 587
1755173915432 0.6882105469703674 593
1755173915799 0.6879086494445801 599
1755173916130 0.6888878345489502 605
1755173916521 0.6902802586555481 611
1755173917078 0.691340446472168 617
1755173917509 0.6919522285461426 623
1755173917929 0.692380428314209 629
1755173918521 0.6929947733879089 635
1755173919022 0.6928181052207947 641
1755173919641 0.6921969056129456 647
1755173920088 0.6920779347419739 653
1755173920477 0.6919372081756592 659
1755173921791 0.691917896270752 665
1755173922355 0.6925015449523926 671
1755173922827 0.6919843554496765 677
1755173923249 0.6919664740562439 683
1755173923752 0.6921293139457703 689
1755173924162 0.6930158734321594 695
1755173924583 0.6934041976928711 701
1755173925026 0.693732738494873 707
1755173925463 0.6944006085395813 713
1755173925882 0.6947669982910156 719
1755173926418 0.6949675679206848 725
1755173926862 0.6950103640556335 731
1755173927224 0.6942856311798096 737
1755173927621 0.692175567150116 743
1755173928178 0.6905223727226257 749
1755173928784 0.6896948218345642 755
1755173929315 0.6887428164482117 761
1755173929817 0.6873255372047424 767
1755173930351 0.6824306845664978 773
1755173930687 0.6737465262413025 779
1755173931065 0.6635739207267761 785
1755173931388 0.6514238715171814 791
1755173931784 0.6395553946495056 797
1755173932772 0.62858647108078 803
1755173933308 0.6183229088783264 809
1755173933789 0.6092409491539001 815
1755173934335 0.6030604839324951 821
1755173934861 0.5989301204681396 827
1755173935421 0.5946696400642395 833
1755173935924 0.5882294178009033 839
1755173936428 0.582950234413147 845
1755173936835 0.578271746635437 851
1755173938025 0.5744433999061584 869
1755173938461 0.5712298154830933 875
1755173938937 0.5691837668418884 881
1755173939498 0.56907057762146 887
1755173940013 0.5680186748504639 893
1755173940528 0.5666214227676392 899
1755173940999 0.5663082599639893 905
1755173941418 0.5671525001525879 911
1755173941852 0.5669167041778564 917
1755173942406 0.5654295086860657 923
1755173942923 0.5643625855445862 929
1755173943633 0.564302384853363 935
1755173944249 0.5657503604888916 941
1755173944750 0.5687222480773926 947
1755173945250 0.5759944915771484 953
1755173945643 0.5853601098060608 959
1755173946455 0.5954645872116089 965
1755173947069 0.6093080043792725 971
1755173947553 0.624586284160614 977
1755173948007 0.6342027187347412 983
1755173948466 0.6424534320831299 989
1755173948888 0.6538762450218201 995
1755173949389 0.662965714931488 1001
1755173949838 0.6719579696655273 1007
1755173950273 0.6764749884605408 1013
1755173950741 0.6816954612731934 1019
1755173951311 0.6919317245483398 1025
1755173951764 0.7039336562156677 1031
1755173952232 0.7120704054832458 1037
1755173952673 0.7142753005027771 1043
1755173953016 0.7133913040161133 1049
1755173953508 0.7125518918037415 1055
1755173953883 0.7133505344390869 1061
1755173954253 0.714613139629364 1067
1755173955409 0.7159779071807861 1073
1755173955888 0.7149178385734558 1079
1755173956465 0.712873637676239 1085
1755173957047 0.7087132930755615 1091
1755173957661 0.7073875069618225 1097
1755173958171 0.7105491161346436 1103
1755173958539 0.7139768600463867 1109
1755173958867 0.715630829334259 1115
1755173959198 0.7184524536132812 1121
1755173959537 0.7198898196220398 1127
1755173960036 0.7211306095123291 1133
1755173960387 0.7244844436645508 1139
1755173960758 0.7295225262641907 1145
1755173961329 0.7333508133888245 1151
1755173961775 0.7337481379508972 1157
1755173962347 0.7321565747261047 1163
1755173962906 0.7306942939758301 1169
1755173963350 0.7300558686256409 1175
1755173963835 0.7291790843009949 1181
1755173964344 0.7290695309638977 1187
1755173964882 0.7279300093650818 1193
1755173965436 0.726939857006073 1199
1755173966784 0.723876416683197 1205
1755173967363 0.7223604321479797 1211
1755173967900 0.724797248840332 1217
1755173968471 0.7273488640785217 1223
1755173968955 0.7317228317260742 1229
1755173969440 0.7373250126838684 1235
1755173969900 0.7413659691810608 1241
1755173970303 0.7421042323112488 1247
1755173970900 0.7434698939323425 1253
1755173971510 0.7427746653556824 1259
1755173971872 0.7396110892295837 1265
1755173972338 0.7401263117790222 1271
1755173972776 0.7433052062988281 1277
1755173973144 0.7464506030082703 1283
1755173973582 0.7463915348052979 1289
1755173974057 0.7447679042816162 1295
1755173974393 0.7424742579460144 1301
1755173974864 0.7410276532173157 1307
1755173975318 0.7397385239601135 1313
1755173975722 0.7383295893669128 1319
1755173976129 0.7356382012367249 1325
1755173976664 0.7341185212135315 1331
1755173977191 0.7319076061248779 1337
1755173977750 0.7322533130645752 1343
1755173978339 0.7312004566192627 1349
1755173978843 0.7301488518714905 1355
1755173979376 0.7303467392921448 1361
1755173979871 0.7292101383209229 1367
1755173980306 0.7278863787651062 1373
1755173980802 0.7256535887718201 1379
1755173981327 0.7252011299133301 1385
1755173981820 0.7263913154602051 1391
1755173982244 0.7273698449134827 1397
1755173982571 0.7304813861846924 1403
1755173982894 0.7343818545341492 1409
1755173983210 0.7363702654838562 1415
1755173983536 0.7389960289001465 1421
1755173983989 0.7404512763023376 1427
1755173984509 0.742152750492096 1433
1755173984953 0.7429023385047913 1439
1755173985434 0.7444582581520081 1445
1755173985862 0.7437219023704529 1451
1755173986406 0.7428551316261292 1457
1755173986710 0.7408261299133301 1463
1755173987062 0.7395915985107422 1469
1755173987544 0.7394280433654785 1475
1755173987961 0.7390478253364563 1481
1755173988692 0.7388479709625244 1487
1755173989070 0.7381345629692078 1493
1755173989374 0.7375189661979675 1499
1755173989794 0.737511396408081 1505
1755173990293 0.7376797795295715 1511
1755173990570 0.7386313080787659 1517
1755173990928 0.7412126064300537 1523
1755173991393 0.7424899935722351 1529
1755173991855 0.7442606091499329 1535
1755173992173 0.745607852935791 1541
1755173992513 0.7457448840141296 1547
1755173992829 0.7448098659515381 1553
1755173993972 0.7440311312675476 1559
1755173994415 0.7435159683227539 1565
1755173994809 0.7428629994392395 1571
1755173995125 0.7423243522644043 1577
1755173995450 0.7418592572212219 1583
1755173995740 0.7404940724372864 1589
1755173996076 0.739743709564209 1595
1755173996383 0.7379096150398254 1601
1755173996838 0.7362354397773743 1607
1755173997152 0.7355203628540039 1613
1755173997464 0.73358154296875 1619
1755173997791 0.7312097549438477 1625
1755173998083 0.729158341884613 1631
1755173998410 0.7273340821266174 1637
1755173998742 0.7268049716949463 1643
1755173999164 0.7273929715156555 1649
1755173999952 0.7280120849609375 1655
1755174000471 0.7281913757324219 1661
1755174000783 0.7283454537391663 1667
1755174001234 0.7283700108528137 1673
1755174001614 0.7283636927604675 1679
1755174001923 0.729612410068512 1685
1755174002313 0.730214536190033 1691
1755174002731 0.7323660254478455 1697
1755174003248 0.7339213490486145 1703
1755174003709 0.7346444129943848 1709
1755174004015 0.7345133423805237 1715
1755174004325 0.7348992824554443 1721
1755174004636 0.735240638256073 1727
1755174004979 0.7346086502075195 1733
1755174005402 0.7346110343933105 1739
1755174005830 0.7333056330680847 1745
1755174006148 0.7321576476097107 1751
1755174006464 0.7310993075370789 1757
1755174006866 0.7303144931793213 1763
1755174007268 0.7294630408287048 1769
1755174007669 0.728668749332428 1775
1755174008201 0.7285659909248352 1781
1755174008610 0.7291259765625 1787
1755174009085 0.7296180129051208 1793
1755174009492 0.7300761342048645 1799
1755174009842 0.7305304408073425 1805
1755174010146 0.731367290019989 1811
1755174010995 0.7316917777061462 1817
1755174011458 0.7317325472831726 1823
1755174011836 0.7310678362846375 1829
1755174012212 0.7303717732429504 1835
1755174012633 0.7297908663749695 1841
1755174012940 0.7294063568115234 1847
1755174013383 0.7293907999992371 1853
1755174013760 0.7295162081718445 1859
1755174014296 0.7293770909309387 1865
1755174014720 0.7293707728385925 1871
1755174015120 0.7282712459564209 1877
1755174015530 0.7274632453918457 1883
1755174015940 0.7265233397483826 1889
1755174016287 0.7261648774147034 1895
1755174016627 0.7252638936042786 1901
1755174016941 0.7246646285057068 1907
1755174017223 0.7238101959228516 1913
1755174017536 0.723621666431427 1919
1755174018073 0.722216784954071 1925
1755174018506 0.7216901779174805 1931
1755174018916 0.7212293744087219 1937
1755174019335 0.7207486629486084 1943
1755174019721 0.7203438878059387 1949
1755174020013 0.7197920680046082 1955
1755174020321 0.7193415760993958 1961
1755174020660 0.7190051078796387 1967
1755174020973 0.7190060019493103 1973
1755174021281 0.7191848754882812 1979
1755174021578 0.7191085815429688 1985
1755174022620 0.7185802459716797 1991
1755174023054 0.7186618447303772 1997
1755174023425 0.718782365322113 2003
1755174023741 0.7182386517524719 2009
1755174024048 0.7179173827171326 2015
1755174024335 0.7178226113319397 2021
1755174024638 0.7171540260314941 2027
1755174024960 0.7167294025421143 2033
1755174025270 0.7155675888061523 2039
1755174025593 0.7145258784294128 2045
1755174025910 0.7142062187194824 2051
1755174026210 0.7136710286140442 2057
1755174026582 0.7135672569274902 2063
1755174026920 0.7134242653846741 2069
1755174027390 0.7137380242347717 2075
1755174027811 0.7142708897590637 2081
1755174028209 0.7148038744926453 2087
1755174028504 0.7147831320762634 2093
1755174028878 0.7149917483329773 2099
1755174029240 0.7152824401855469 2105
1755174029532 0.7156831622123718 2111
1755174029829 0.7165219187736511 2117
1755174030177 0.716893196105957 2123
1755174030494 0.7173764109611511 2129
1755174030828 0.7173416614532471 2135
1755174031150 0.7172995209693909 2141
1755174031482 0.7168768048286438 2147
1755174031791 0.7166576385498047 2153
1755174032435 0.7168417572975159 2159
1755174032913 0.7175694108009338 2165
1755174033322 0.7183337211608887 2171
1755174033641 0.7192216515541077 2177
1755174033928 0.7197961807250977 2183
1755174034348 0.72024005651474 2189
1755174034775 0.7203199863433838 2195
1755174035171 0.7201504111289978 2201
1755174035566 0.7197694182395935 2207
1755174036002 0.7188553810119629 2213
1755174036299 0.7183406949043274 2219
1755174036604 0.7175908088684082 2225
1755174037007 0.716785192489624 2231
1755174037438 0.7161388397216797 2237
1755174037837 0.7154234051704407 2243
1755174038236 0.7147743105888367 2249
1755174038566 0.7144868969917297 2255
1755174038887 0.7142242789268494 2261
1755174039213 0.7143242955207825 2267
1755174039586 0.7144826054573059 2273
1755174039919 0.7145618796348572 2279
1755174040247 0.7144565582275391 2285
1755174040619 0.7146285176277161 2291
1755174040942 0.714834451675415 2297
1755174041308 0.7148883938789368 2303
1755174041689 0.7152161002159119 2309
1755174042229 0.7154639363288879 2315
1755174042694 0.7155130505561829 2321
1755174042988 0.7159025073051453 2327
1755174043430 0.7163935303688049 2333
1755174043820 0.7168661952018738 2339
1755174044215 0.7167676091194153 2345
1755174044630 0.7162456512451172 2351
1755174045024 0.7159093022346497 2357
1755174045320 0.7156963348388672 2363
1755174045828 0.7152389883995056 2369
1755174046340 0.7147173881530762 2375
1755174046813 0.714089572429657 2381
1755174047232 0.7137404084205627 2387
1755174047540 0.713167130947113 2393
1755174047910 0.7128081917762756 2399
1755174048216 0.7122387290000916 2405
1755174048534 0.7118024826049805 2411
1755174048953 0.7116379141807556 2417
1755174049289 0.7114062309265137 2423
1755174049758 0.7113022804260254 2429
1755174050245 0.7106258869171143 2435
1755174050721 0.7104290127754211 2441
1755174051110 0.7102052569389343 2447
1755174051616 0.7096747756004333 2453
1755174052060 0.709298849105835 2459
1755174052413 0.7089747786521912 2465
1755174052904 0.7084863781929016 2471
1755174053322 0.7079307436943054 2477
1755174053829 0.7074828147888184 2483
1755174054169 0.7073626518249512 2489
1755174054564 0.7071049809455872 2495
1755174054876 0.7066218256950378 2501
1755174055286 0.7063964009284973 2507
1755174055802 0.7063104510307312 2513
1755174056316 0.7064297795295715 2519
1755174056638 0.7069559097290039 2525
1755174057150 0.7071990966796875 2531
1755174057484 0.7077250480651855 2537
1755174057781 0.7080304622650146 2543
1755174058186 0.7081155776977539 2549
1755174058584 0.7082033157348633 2555
1755174058913 0.7082595825195312 2561
1755174059414 0.70819091796875 2567
1755174059788 0.707874596118927 2573
1755174060175 0.707525908946991 2579
1755174060553 0.7071245312690735 2585
1755174060983 0.7069430351257324 2591
1755174061475 0.7068626284599304 2597
1755174061801 0.7070348262786865 2603
1755174062207 0.7069671750068665 2609
1755174062606 0.7067223191261292 2615
1755174063119 0.7064452767372131 2621
1755174063742 0.7063202857971191 2627
1755174064271 0.706250011920929 2633
1755174064885 0.7060041427612305 2639
1755174065276 0.7057809829711914 2645
1755174065599 0.7056781649589539 2651
1755174065942 0.7051191329956055 2657
1755174066295 0.7045401930809021 2663
1755174066623 0.7035677433013916 2669
1755174067089 0.7030981183052063 2675
1755174067396 0.7027652263641357 2681
1755174067749 0.7025302052497864 2687
1755174068277 0.7023138999938965 2693
1755174068677 0.7025864124298096 2699
1755174068981 0.7028289437294006 2705
1755174069366 0.7028195261955261 2711
1755174069759 0.7029757499694824 2717
1755174070081 0.7034116387367249 2723
1755174070495 0.703782856464386 2729
1755174070915 0.7040624618530273 2735
1755174071326 0.7042439579963684 2741
1755174071673 0.7046921849250793 2747
1755174071963 0.7048900723457336 2753
1755174072278 0.7054378390312195 2759
1755174072601 0.7059213519096375 2765
1755174073004 0.7063398361206055 2771
1755174073321 0.7063050270080566 2777
1755174073652 0.7064006924629211 2783
1755174074092 0.7068528532981873 2789
1755174074543 0.7069541811943054 2795
1755174074942 0.7070834040641785 2801
1755174075262 0.7072140574455261 2807
1755174075604 0.7071318626403809 2813
1755174075932 0.7072122097015381 2819
1755174076251 0.7076766490936279 2825
1755174076522 0.7078557014465332 2831
1755174076887 0.7079830765724182 2837
1755174077194 0.7079911231994629 2843
1755174077486 0.7081620097160339 2849
1755174078793 0.7081498503684998 2855
1755174079240 0.708219051361084 2861
1755174079622 0.7083196640014648 2867
1755174079957 0.7082988619804382 2873
1755174080345 0.7083299160003662 2879
1755174080656 0.7080807089805603 2885
1755174081037 0.7079480290412903 2891
1755174081361 0.7072915434837341 2897
1755174081777 0.7069878578186035 2903
1755174082295 0.7066901326179504 2909
1755174082609 0.7062209248542786 2915
1755174082924 0.7058811783790588 2921
1755174083255 0.7056354880332947 2927
1755174083699 0.7052815556526184 2933
1755174083990 0.7049630284309387 2939
1755174084308 0.7047423720359802 2945
1755174084624 0.704563558101654 2951
1755174084927 0.7045901417732239 2957
1755174085254 0.7042091488838196 2963
1755174085602 0.7039054036140442 2969
1755174085914 0.7037778496742249 2975
1755174086274 0.7035656571388245 2981
1755174086678 0.7037646174430847 2987
1755174087072 0.7037102580070496 2993
1755174087493 0.7034810185432434 2999
1755174087910 0.7036712765693665 3005
1755174088282 0.7038623690605164 3011
1755174088603 0.7042040824890137 3017
1755174088924 0.704542875289917 3023
1755174089254 0.7048531174659729 3029
1755174089572 0.7052039504051208 3035
1755174090092 0.7052405476570129 3041
1755174090501 0.7051541805267334 3047
1755174090788 0.705028772354126 3053
1755174091114 0.7053112983703613 3059
1755174091410 0.7050638198852539 3065
1755174091724 0.7049767971038818 3071
1755174092062 0.704820454120636 3077
1755174092362 0.7045466303825378 3083
1755174092679 0.7045019268989563 3089
1755174092991 0.7044541239738464 3095
1755174093343 0.7044150829315186 3101
1755174093753 0.7040889859199524 3107
1755174094169 0.7037468552589417 3113
1755174095271 0.7036063075065613 3119
1755174095638 0.7032804489135742 3125
1755174095940 0.7029948830604553 3131
1755174096280 0.7029576897621155 3137
1755174096699 0.7029276490211487 3143
1755174097113 0.7027996182441711 3149
1755174097406 0.7029619812965393 3155
1755174097720 0.7030909657478333 3161
1755174098035 0.7032743096351624 3167
1755174098347 0.7033140063285828 3173
1755174098662 0.7031941413879395 3179
1755174098973 0.7031517624855042 3185
1755174099361 0.7030259966850281 3191
1755174099684 0.7027855515480042 3197
1755174100071 0.7024784088134766 3203
1755174100516 0.702313244342804 3209
1755174100943 0.7021887898445129 3215
1755174101345 0.701806366443634 3221
1755174101644 0.701407253742218 3227
1755174101956 0.70111083984375 3233
1755174102275 0.7007479071617126 3239
1755174102609 0.7002038359642029 3245
1755174102921 0.6997723579406738 3251
1755174103310 0.6997101902961731 3257
1755174103606 0.6994587779045105 3263
1755174103920 0.6993806958198547 3269
1755174104301 0.6992810368537903 3275
1755174104626 0.6993293762207031 3281
1755174105054 0.6991429924964905 3287
1755174105463 0.699057400226593 3293
1755174105886 0.6988651156425476 3299
1755174106890 0.6987733840942383 3305
1755174107293 0.6988282203674316 3311
1755174107692 0.6988651752471924 3317
1755174108093 0.6988752484321594 3323
1755174108390 0.6988522410392761 3329
1755174108693 0.698981761932373 3335
1755174109000 0.6989830136299133 3341
1755174109316 0.6989822387695312 3347
1755174109611 0.6991889476776123 3353
1755174109938 0.6995581984519958 3359
1755174110299 0.6997852325439453 3365
1755174110693 0.6998568177223206 3371
1755174111016 0.6999948620796204 3377
1755174111332 0.6999847292900085 3383
1755174111840 0.7001824378967285 3389
1755174112145 0.7002891898155212 3395
1755174112458 0.7001733779907227 3401
1755174112845 0.7001717686653137 3407
1755174113267 0.7002048492431641 3413
1755174113671 0.6999546885490417 3419
1755174114077 0.6997685432434082 3425
1755174114497 0.6996832489967346 3431
1755174114907 0.6993786692619324 3437
1755174115208 0.699063241481781 3443
1755174115526 0.6987030506134033 3449
1755174115834 0.6985284686088562 3455
1755174116124 0.698479175567627 3461
1755174116461 0.6986262798309326 3467
1755174116790 0.6986433863639832 3473
1755174117187 0.6986303329467773 3479
1755174118224 0.6988133788108826 3485
1755174118590 0.6989145278930664 3491
1755174118901 0.6990952491760254 3497
1755174119250 0.699124276638031 3503
1755174119560 0.6991487145423889 3509
1755174119853 0.6990078091621399 3515
1755174120192 0.6988444924354553 3521
1755174120511 0.6988670229911804 3527
1755174120811 0.6990079283714294 3533
1755174121114 0.698903501033783 3539
1755174121431 0.6990349292755127 3545
1755174121866 0.6991763114929199 3551
1755174122283 0.6992015838623047 3557
1755174122687 0.6991040110588074 3563
1755174123138 0.6989597678184509 3569
1755174123439 0.6987619996070862 3575
1755174123777 0.6984369158744812 3581
1755174124058 0.6982851028442383 3587
1755174124407 0.6980171203613281 3593
1755174124710 0.6978051662445068 3599
1755174125043 0.6975944638252258 3605
1755174125441 0.6975266337394714 3611
1755174125854 0.6972550749778748 3617
1755174126270 0.6968381404876709 3623
1755174126674 0.6964613795280457 3629
1755174127078 0.6961190104484558 3635
1755174127468 0.6960857510566711 3641
1755174127872 0.6960398554801941 3647
1755174128456 0.695977509021759 3653
1755174128854 0.6960445046424866 3659
1755174129256 0.6963112354278564 3665
1755174129666 0.6961614489555359 3671
1755174130042 0.696110725402832 3677
1755174130451 0.6961462497711182 3683
1755174130970 0.6960943341255188 3689
1755174131361 0.6961972713470459 3695
1755174131662 0.6960483193397522 3701
1755174131973 0.6961560249328613 3707
1755174132264 0.6961519122123718 3713
1755174132581 0.6960415840148926 3719
1755174132951 0.6958284378051758 3725
1755174133261 0.6955270767211914 3731
1755174133598 0.6952664256095886 3737
1755174133930 0.6947428584098816 3743
1755174134232 0.6945425868034363 3749
1755174134558 0.6944349408149719 3755
1755174134882 0.6943376660346985 3761
1755174135207 0.6942642331123352 3767
1755174135625 0.6942119002342224 3773
1755174136019 0.6940633654594421 3779
1755174136337 0.6940879821777344 3785
1755174136660 0.6938436627388 3791
1755174136989 0.6936159729957581 3797
1755174137286 0.6934006810188293 3803
1755174137712 0.6935544013977051 3809
1755174138122 0.6934242248535156 3815
1755174138614 0.6933619379997253 3821
1755174138911 0.6934518814086914 3827
1755174139233 0.6933155059814453 3833
1755174139652 0.693178653717041 3839
1755174140048 0.6931800842285156 3845
1755174140438 0.6931009292602539 3851
1755174140779 0.6930053234100342 3857
1755174141283 0.6927703022956848 3863
1755174141908 0.6926271915435791 3869
1755174142980 0.692753255367279 3875
1755174143527 0.6926606297492981 3881
1755174143926 0.6925466656684875 3887
1755174144214 0.6924654841423035 3893
1755174144513 0.692363977432251 3899
1755174144800 0.6922525763511658 3905
1755174145102 0.6921645998954773 3911
1755174145413 0.692009687423706 3917
1755174145752 0.6919229030609131 3923
1755174146060 0.6920297741889954 3929
1755174146382 0.6922559142112732 3935
1755174146722 0.6924393773078918 3941
1755174147023 0.6924417614936829 3947
1755174147344 0.6926557421684265 3953
1755174147666 0.6927520632743835 3959
1755174147989 0.6931464076042175 3965
1755174148423 0.6933064460754395 3971
1755174148920 0.6935029029846191 3977
1755174149210 0.6936212182044983 3983
1755174149508 0.6937187314033508 3989
1755174149914 0.6937039494514465 3995
1755174150205 0.6937964558601379 4001
1755174151794 0.6939863562583923 4007
1755174152218 0.6939863562583923 4013
1755174152608 0.6938472390174866 4019
1755174152972 0.6936060786247253 4025
1755174153268 0.6935084462165833 4031
1755174153550 0.693278968334198 4037
1755174153843 0.6934182643890381 4043
1755174154158 0.6936056017875671 4049
1755174154461 0.6937718987464905 4055
1755174154785 0.6940006613731384 4061
1755174155169 0.6940025687217712 4067
1755174155475 0.694126307964325 4073
1755174155810 0.6942083835601807 4079
1755174156162 0.694340705871582 4085
1755174156489 0.6942474842071533 4091
1755174156842 0.6939722895622253 4097
1755174157341 0.6937912106513977 4103
1755174157773 0.693366289138794 4109
1755174158199 0.6932513117790222 4115
1755174158607 0.6925331950187683 4121
1755174158889 0.6918594837188721 4127
1755174159271 0.691650927066803 4133
1755174159616 0.691174328327179 4139
1755174159923 0.690704345703125 4145
1755174160364 0.6901235580444336 4151
1755174160803 0.689663827419281 4157
1755174161183 0.6896340250968933 4163
1755174161523 0.6892653107643127 4169
1755174162360 0.6891429424285889 4175
1755174162647 0.689059317111969 4181
1755174162968 0.6893143057823181 4187
1755174163379 0.6894733905792236 4193
1755174163670 0.689412534236908 4199
1755174163967 0.6895220875740051 4205
1755174164282 0.6896474361419678 4211
1755174164566 0.6897405982017517 4217
1755174164989 0.6893815994262695 4223
1755174165388 0.6892089247703552 4229
1755174165694 0.6893017888069153 4235
1755174165988 0.6891558766365051 4241
1755174166301 0.6892711520195007 4247
1755174166595 0.6895086169242859 4253
1755174166908 0.6895225644111633 4259
1755174167246 0.6895430684089661 4265
1755174167560 0.6897727847099304 4271
1755174167882 0.6899459958076477 4277
1755174168212 0.6900275349617004 4283
1755174168607 0.6901798844337463 4289
1755174168981 0.6902638077735901 4295
1755174169312 0.6903694272041321 4301
1755174169602 0.6901748180389404 4307
1755174169910 0.6902136206626892 4313
1755174170224 0.6901949048042297 4319
1755174170531 0.6901571154594421 4325
1755174170991 0.6901395916938782 4331
1755174171413 0.6898276805877686 4337
1755174171707 0.6898693442344666 4343
1755174172132 0.6898849606513977 4349
1755174172459 0.6901243329048157 4355
1755174172774 0.6903321146965027 4361
1755174173155 0.6902682185173035 4367
1755174173468 0.690213680267334 4373
1755174173769 0.6903755068778992 4379
1755174174070 0.6902322173118591 4385
1755174174388 0.6901221871376038 4391
1755174174686 0.6898762583732605 4397
1755174175008 0.6895716786384583 4403
1755174175336 0.6894536018371582 4409
1755174175704 0.6892204284667969 4415
1755174176192 0.6890835762023926 4421
1755174176599 0.6887819766998291 4427
1755174176892 0.6887297630310059 4433
1755174177215 0.6885501742362976 4439
1755174177529 0.6883675456047058 4445
1755174177832 0.6881359219551086 4451
1755174178149 0.6877502799034119 4457
1755174178555 0.687477171421051 4463
1755174178849 0.686985969543457 4469
1755174179150 0.6866639256477356 4475
1755174179478 0.6866135597229004 4481
1755174179778 0.6866140365600586 4487
1755174180106 0.6867644786834717 4493
1755174180486 0.6865925788879395 4499
1755174180789 0.6865074038505554 4505
1755174181103 0.6866037845611572 4511
1755174181421 0.6868535876274109 4517
1755174181836 0.6872678399085999 4523
1755174182337 0.6873419284820557 4529
1755174182744 0.6875926852226257 4535
1755174183033 0.6879791617393494 4541
1755174183342 0.6880950331687927 4547
1755174183659 0.6881024837493896 4553
1755174183951 0.6882705688476562 4559
1755174184892 0.688523530960083 4565
1755174185330 0.6883525848388672 4571
1755174185724 0.6884087920188904 4577
1755174186027 0.6885514259338379 4583
1755174186335 0.6885085701942444 4589
1755174186648 0.6883525252342224 4595
1755174186964 0.687966525554657 4601
1755174187288 0.6880558133125305 4607
1755174187642 0.6877037882804871 4613
1755174188031 0.6872708797454834 4619
1755174188448 0.6866254806518555 4625
1755174188839 0.6857708096504211 4631
1755174189256 0.6852431297302246 4637
1755174189677 0.6848971843719482 4643
1755174190067 0.6846728324890137 4649
1755174190376 0.6844878792762756 4655
1755174190674 0.684282124042511 4661
1755174190984 0.6838064789772034 4667
1755174191275 0.6832790374755859 4673
1755174191598 0.6830268502235413 4679
1755174191892 0.6824004054069519 4685
1755174192203 0.6818914413452148 4691
1755174192613 0.6817147135734558 4697
1755174192931 0.6819467544555664 4703
1755174193362 0.6816262602806091 4709
1755174193763 0.681515634059906 4715
1755174194045 0.6812942624092102 4721
1755174194375 0.6812244057655334 4727
1755174194696 0.68096923828125 4733
1755174195002 0.6813880801200867 4739
1755174195915 0.6816522479057312 4745
1755174196215 0.6816439628601074 4751
1755174196519 0.6817869544029236 4757
1755174196931 0.6816186904907227 4763
1755174197358 0.6814157366752625 4769
1755174197735 0.6812929511070251 4775
1755174198043 0.6812614798545837 4781
1755174198350 0.6813569068908691 4787
1755174198642 0.6815364956855774 4793
1755174198974 0.6816907525062561 4799
1755174199423 0.6816638112068176 4805
1755174199835 0.6816513538360596 4811
1755174200349 0.6817521452903748 4817
1755174200749 0.6817880272865295 4823
1755174201043 0.6821260452270508 4829
1755174201354 0.6819960474967957 4835
1755174201687 0.6818008422851562 4841
1755174202108 0.681734025478363 4847
1755174202415 0.6820566654205322 4853
1755174202817 0.6821260452270508 4859
1755174203188 0.6818294525146484 4865
1755174203508 0.682028591632843 4871
1755174203812 0.6818177103996277 4877
1755174204170 0.6814973950386047 4883
1755174204478 0.6816213130950928 4889
1755174204786 0.6817402839660645 4895
1755174205179 0.6818633675575256 4901
1755174205559 0.681962788105011 4907
1755174205873 0.6822375655174255 4913
1755174206204 0.6822120547294617 4919
1755174206546 0.6820463538169861 4925
1755174207406 0.6823812127113342 4931
1755174207802 0.6823318004608154 4937
1755174208195 0.6822990775108337 4943
1755174208503 0.682203471660614 4949
1755174208797 0.6819221377372742 4955
1755174209098 0.6814646124839783 4961
1755174209430 0.6810447573661804 4967
1755174209731 0.6806300282478333 4973
1755174210043 0.6803949475288391 4979
1755174210380 0.6798545718193054 4985
1755174210696 0.679080069065094 4991
1755174211009 0.6786725521087646 4997
1755174211363 0.6783623695373535 5003
1755174211670 0.6780412197113037 5009
1755174211989 0.6778324246406555 5015
1755174212400 0.6775380969047546 5021
1755174212791 0.677130401134491 5027
1755174213103 0.6765432357788086 5033
1755174213413 0.6759307980537415 5039
1755174213825 0.6757757663726807 5045
1755174214141 0.6759733557701111 5051
1755174214459 0.6761252880096436 5057
1755174214868 0.6755840182304382 5063
1755174215279 0.6756019592285156 5069
1755174215590 0.6757874488830566 5075
1755174215888 0.6756359934806824 5081
1755174216210 0.6756085753440857 5087
1755174216649 0.6759433150291443 5093
1755174216981 0.6759124398231506 5099
1755174217299 0.6760126948356628 5105
1755174217667 0.6761576533317566 5111
1755174218088 0.6764858365058899 5117
1755174218416 0.6766204833984375 5123
1755174218750 0.6762726306915283 5129
1755174219063 0.6759461760520935 5135
1755174219385 0.6759281754493713 5141
1755174219695 0.6760406494140625 5147
1755174220059 0.6755035519599915 5153
1755174220464 0.6748248934745789 5159
1755174220762 0.674290120601654 5165
1755174221078 0.6737327575683594 5171
1755174221510 0.6731612086296082 5177
1755174221822 0.6727985739707947 5183
1755174222108 0.6725307106971741 5189
1755174222415 0.672569751739502 5195
1755174222713 0.672170102596283 5201
1755174223014 0.672900378704071 5207
1755174223385 0.6722212433815002 5213
1755174223806 0.6718611121177673 5219
1755174224185 0.6718651652336121 5225
1755174224493 0.6717782020568848 5231
1755174224797 0.6720502972602844 5237
1755174225095 0.6720730662345886 5243
1755174225467 0.6718072891235352 5249
1755174225779 0.6716668009757996 5255
1755174226090 0.6715509295463562 5261
1755174226399 0.6712400913238525 5267
1755174226813 0.6709619164466858 5273
1755174227104 0.6703224182128906 5279
1755174227521 0.6696062088012695 5285
1755174227858 0.6698272228240967 5291
1755174228136 0.6692444682121277 5297
1755174228479 0.6689843535423279 5303
1755174228808 0.6682179570198059 5309
1755174229126 0.6676433682441711 5315
1755174229444 0.6670763492584229 5321
1755174229769 0.6666259169578552 5327
1755174230087 0.6664450764656067 5333
1755174230415 0.6664924025535583 5339
1755174230730 0.6662173271179199 5345
1755174231043 0.6656083464622498 5351
1755174231389 0.6654114127159119 5357
1755174231934 0.6643543243408203 5363
1755174232340 0.6642820835113525 5369
1755174232643 0.6637082695960999 5375
1755174233001 0.6636739373207092 5381
1755174233309 0.6628738045692444 5387
1755174233645 0.6624763607978821 5393
1755174233963 0.661491870880127 5399
1755174234356 0.6619415283203125 5405
1755174234790 0.6612817645072937 5411
1755174235092 0.6606807708740234 5417
1755174235473 0.6600092053413391 5423
1755174235816 0.659585177898407 5429
1755174236128 0.658865749835968 5435
1755174236469 0.6580182313919067 5441
1755174236804 0.6571651101112366 5447
1755174237149 0.6564510464668274 5453
1755174237514 0.655958354473114 5459
1755174237931 0.6553884148597717 5465
1755174238343 0.6551768779754639 5471
1755174238636 0.655150830745697 5477
1755174239086 0.6550625562667847 5483
1755174239392 0.6552351713180542 5489
1755174239702 0.6546903252601624 5495
1755174240014 0.6548942923545837 5501
1755174240426 0.6543979048728943 5507
1755174240734 0.6541953682899475 5513
1755174241071 0.6538369059562683 5519
1755174241382 0.6529883742332458 5525
1755174241734 0.6522546410560608 5531
1755174242056 0.6521089673042297 5537
1755174242354 0.6516693234443665 5543
1755174242696 0.6506381034851074 5549
1755174243032 0.6496405005455017 5555
1755174243405 0.6493427157402039 5561
1755174243794 0.6492850184440613 5567
1755174244209 0.6486542820930481 5573
1755174244639 0.6482108235359192 5579
1755174245032 0.6467849612236023 5585
1755174245458 0.6458430886268616 5591
1755174245781 0.6451178193092346 5597
1755174246054 0.64436936378479 5603
1755174246372 0.6434866786003113 5609
1755174246685 0.6424686312675476 5615
1755174246982 0.6412863731384277 5621
1755174247286 0.6394831538200378 5627
1755174247691 0.637954831123352 5633
1755174248072 0.6359802484512329 5639
1755174248507 0.635033130645752 5645
1755174248806 0.6332703828811646 5651
1755174249194 0.6321861147880554 5657
1755174249538 0.6312323212623596 5663
1755174249876 0.6301996111869812 5669
1755174250292 0.6294408440589905 5675
1755174250688 0.6271974444389343 5681
1755174251011 0.6253259778022766 5687
1755174251503 0.6233481764793396 5693
1755174251790 0.621790885925293 5699
1755174252113 0.6211801171302795 5705
1755174252416 0.6192105412483215 5711
1755174252750 0.6172702312469482 5717
1755174253078 0.6160207390785217 5723
1755174253381 0.6140938401222229 5729
1755174253709 0.6119582056999207 5735
1755174254037 0.609952449798584 5741
1755174254445 0.6077281832695007 5747
1755174254876 0.6054691672325134 5753
1755174255292 0.6041101217269897 5759
1755174255759 0.6022230982780457 5765
1755174256088 0.5997751355171204 5771
1755174256501 0.597037136554718 5777
1755174256808 0.5947499871253967 5783
1755174257176 0.5924854874610901 5789
1755174257627 0.5905399918556213 5795
1755174258056 0.5892801880836487 5801
1755174258475 0.5866276621818542 5807
1755174258920 0.5835033059120178 5813
1755174259305 0.5803227424621582 5819
1755174259621 0.5779386758804321 5825
1755174259944 0.5750270485877991 5831
1755174260237 0.5723125338554382 5837
1755174260552 0.5700111985206604 5843
1755174260866 0.5672310590744019 5849
1755174261209 0.5644376277923584 5855
1755174261495 0.5631148815155029 5861
1755174262165 0.5620949864387512 5873
1755174262714 0.5605757236480713 5879
1755174263532 0.5588528513908386 5897
1755174264285 0.5580360293388367 5909
