1751891871815 0.0 5
1751891873038 1.0 8
1751891873210 1.0 11
1751891874651 2.0 17
1751891874682 2.0 17
1751891876354 3.0 23
1751891877765 4.0 26
1751891878003 4.0 29
1751891879411 5.0 35
1751891879437 5.0 35
1751891881268 6.0 41
1751891885427 7.0 44
1751891885582 7.0 47
1751891887456 8.0 53
1751891887514 8.0 53
1751891888943 9.0 59
1751891890460 10.0 62
1751891890616 10.0 65
1751891892159 11.0 71
1751891892192 11.0 71
1751891894536 12.0 77
1751891896115 13.0 80
1751891896275 13.0 83
1751891899439 14.0 89
1751891899470 14.0 89
1751891900894 15.0 95
1751891902159 16.0 98
1751891902361 16.0 101
1751891903751 17.0 107
1751891903798 17.0 107
1751891908124 18.0 113
1751891909535 19.0 116
1751891909693 19.0 119
1751891911257 20.0 125
1751891911315 20.0 125
1751891912802 21.0 131
1751891914143 22.0 134
1751891914330 22.0 137
1751891916030 23.0 143
1751891916061 23.0 143
1751891917731 24.0 149
1751891918980 25.0 152
1751891919138 25.0 155
1751891920768 26.0 161
1751891920815 26.0 161
1751891922021 27.0 167
1751891922735 28.0 170
1751891922910 28.0 173
1751891924485 29.0 179
1751891924511 29.0 179
1751891925543 30.0 185
1751891926206 31.0 188
1751891926366 31.0 191
1751891927739 32.0 197
1751891927802 32.0 197
1751891928781 33.0 203
1751891930172 34.0 206
1751891930354 34.0 209
1751891931198 35.0 215
1751891931230 35.0 215
1751891932104 36.0 221
1751891933744 37.0 224
1751891933899 37.0 227
1751891935349 38.0 233
1751891935396 38.0 233
1751891936803 39.0 239
1751891937592 40.0 242
1751891937768 40.0 245
1751891939339 41.0 251
1751891939386 41.0 251
1751891940271 42.0 257
1751891940967 43.0 260
1751891941125 43.0 263
1751891941930 44.0 269
1751891941971 44.0 269
1751891944035 45.0 275
1751891944761 46.0 278
1751891944937 46.0 281
1751891945768 47.0 287
1751891945799 47.0 287
1751891946651 48.0 293
1751891948087 49.0 296
1751891948273 49.0 299
1751891950015 50.0 305
1751891950047 50.0 305
1751891951106 51.0 311
1751891951819 52.0 314
1751891951997 52.0 317
1751891952852 53.0 323
1751891952884 53.0 323
1751891954344 54.0 329
1751891955032 55.0 332
1751891955190 55.0 335
1751891956013 56.0 341
1751891956061 56.0 341
1751891956930 57.0 347
1751891957636 58.0 350
1751891957797 58.0 353
1751891958615 59.0 359
1751891958647 59.0 359
1751891960102 60.0 365
1751891961068 61.0 368
1751891961243 61.0 371
1751891962087 62.0 377
1751891962118 62.0 377
1751891963520 63.0 383
1751891964172 64.0 386
1751891964362 64.0 389
1751891965184 65.0 395
1751891965225 65.0 395
1751891967127 66.0 401
1751891967823 67.0 404
1751891967982 67.0 407
1751891968816 68.0 413
1751891968863 68.0 413
1751891969892 69.0 419
1751891970588 70.0 422
1751891970747 70.0 425
1751891971572 71.0 431
1751891971603 71.0 431
1751891973691 72.0 437
1751891974385 73.0 440
1751891974560 73.0 443
1751891975368 74.0 449
1751891975399 74.0 449
1751891976321 75.0 455
1751891977098 76.0 458
1751891977269 76.0 461
1751891978088 77.0 467
1751891978119 77.0 467
1751891978956 78.0 473
1751891979796 79.0 476
1751891979944 79.0 479
1751891980786 80.0 485
1751891980837 80.0 485
1751891981734 81.0 491
1751891982480 82.0 494
1751891982639 82.0 497
1751891984117 83.0 503
1751891984158 83.0 503
1751891985047 84.0 509
1751891986400 85.0 512
1751891986560 85.0 515
1751891987375 86.0 521
1751891987401 86.0 521
1751891988320 87.0 527
1751891989096 88.0 530
1751891989271 88.0 533
1751891990078 89.0 539
1751891990110 89.0 539
1751891990941 90.0 545
1751891991678 91.0 548
1751891991852 91.0 551
1751891992676 92.0 557
1751891992734 92.0 557
1751891993553 93.0 563
1751891994362 94.0 566
1751891994522 94.0 569
1751891995327 95.0 575
1751891995352 95.0 575
1751891996210 96.0 581
1751891996923 97.0 584
1751891997064 97.0 587
1751891997904 98.0 593
1751891997936 98.0 593
1751891998871 99.0 599
1751891999556 100.0 602
1751891999728 100.0 605
1751892000541 101.0 611
1751892000573 101.0 611
1751892001447 102.0 617
1751892002112 103.0 620
1751892002278 103.0 623
1751892003088 104.0 629
1751892003140 104.0 629
1751892004163 105.0 635
1751892004878 106.0 638
1751892005052 106.0 641
1751892005875 107.0 647
1751892005901 107.0 647
1751892006746 108.0 653
1751892007437 109.0 656
1751892007597 109.0 659
1751892008439 110.0 665
1751892008470 110.0 665
1751892009329 111.0 671
1751892010041 112.0 674
1751892010201 112.0 677
1751892011024 113.0 683
1751892011056 113.0 683
1751892012037 114.0 689
1751892012813 115.0 692
1751892012987 115.0 695
1751892013814 116.0 701
1751892013855 116.0 701
1751892014738 117.0 707
1751892015656 118.0 710
1751892015814 118.0 713
1751892016630 119.0 719
1751892016656 119.0 719
1751892017496 120.0 725
1751892018265 121.0 728
1751892018423 121.0 731
1751892019242 122.0 737
1751892019284 122.0 737
1751892020130 123.0 743
1751892020817 124.0 746
1751892020998 124.0 749
1751892021928 125.0 755
1751892021959 125.0 755
1751892022809 126.0 761
1751892023498 127.0 764
1751892023659 127.0 767
1751892024527 128.0 773
1751892024574 128.0 773
1751892025397 129.0 779
1751892026106 130.0 782
1751892026280 130.0 785
1751892027090 131.0 791
1751892027126 131.0 791
1751892027999 132.0 797
1751892028786 133.0 800
1751892028939 133.0 803
1751892029776 134.0 809
1751892029824 134.0 809
1751892030678 135.0 815
1751892031340 136.0 818
1751892031527 136.0 821
1751892032445 137.0 827
1751892032477 137.0 827
1751892033306 138.0 833
1751892034222 139.0 836
1751892034381 139.0 839
1751892035190 140.0 845
1751892035237 140.0 845
1751892036108 141.0 851
1751892036805 142.0 854
1751892036964 142.0 857
1751892037801 143.0 863
1751892037837 143.0 863
1751892038678 144.0 869
1751892039363 145.0 872
1751892039522 145.0 875
1751892040328 146.0 881
1751892040360 146.0 881
1751892041278 147.0 887
1751892041976 148.0 890
1751892042145 148.0 893
1751892042957 149.0 899
1751892043004 149.0 899
1751892043874 150.0 905
1751892044570 151.0 908
1751892044715 151.0 911
1751892045506 152.0 917
1751892045554 152.0 917
1751892046417 153.0 923
1751892047335 154.0 926
1751892047486 154.0 929
