1751891871167 0.00020771869458258152 0
1751891871752 0.0014829587889835238 0
1751891873210 0.0035561041440814734 1
1751891874682 0.005767905153334141 2
1751891876354 0.006241724826395512 3
1751891877908 0.0063805715180933475 4
1751891879437 0.006116913165897131 5
1751891881268 0.0066716428846120834 6
1751891885582 0.007200267165899277 7
1751891887498 0.0065148058347404 8
1751891888943 0.0071264589205384254 9
1751891890600 0.007249037269502878 10
1751891892192 0.007229538168758154 11
1751891894526 0.00706231314688921 12
1751891896275 0.007755403406918049 13
1751891899470 0.008487277664244175 14
1751891900878 0.008489647880196571 15
1751891902341 0.009298097342252731 16
1751891903782 0.009865853935480118 17
1751891908114 0.008855192922055721 18
1751891909693 0.010990247130393982 19
1751891911289 0.010542653501033783 20
1751891912802 0.010694353841245174 21
1751891914314 0.010707328096032143 22
1751891916061 0.010876507498323917 23
1751891917715 0.010740351863205433 24
1751891919138 0.011435825377702713 25
1751891920815 0.011103728786110878 26
1751891922021 0.01099547278136015 27
1751891922894 0.010999755002558231 28
1751891924511 0.011039561592042446 29
1751891925528 0.01174417044967413 30
1751891926366 0.01151931844651699 31
1751891927771 0.011417005211114883 32
1751891928781 0.01081181038171053 33
1751891930354 0.010235844179987907 34
1751891931230 0.0108942911028862 35
1751891932088 0.011746503412723541 36
1751891933899 0.010770450346171856 37
1751891935381 0.011419516988098621 38
1751891936803 0.011761220172047615 39
1751891937752 0.010196438990533352 40
1751891939370 0.008776710368692875 41
1751891940271 0.011859100311994553 42
1751891941109 0.01046659518033266 43
1751891941956 0.011428151279687881 44
1751891944019 0.011048668064177036 45
1751891944937 0.012766682542860508 46
1751891945799 0.011023547500371933 47
1751891946636 0.01172015629708767 48
1751891948273 0.01056762970983982 49
1751891950047 0.010416574776172638 50
1751891951106 0.009348495863378048 51
1751891951982 0.011171814054250717 52
1751891952884 0.010727189481258392 53
1751891954344 0.010350705124437809 54
1751891955190 0.010076702572405338 55
1751891956045 0.010779911652207375 56
1751891956930 0.011085378006100655 57
1751891957781 0.009639326483011246 58
1751891958647 0.010669601149857044 59
1751891960086 0.01090540923178196 60
1751891961243 0.00988964457064867 61
1751891962118 0.011365964077413082 62
1751891963520 0.012330619618296623 63
1751891964330 0.011565512977540493 64
1751891965225 0.009431986138224602 65
1751891967110 0.009410525672137737 66
1751891967982 0.009790410287678242 67
1751891968847 0.010223410092294216 68
1751891969892 0.010849392972886562 69
1751891970747 0.010107366368174553 70
1751891971603 0.010188396088778973 71
1751891973676 0.010606360621750355 72
1751891974560 0.009892361238598824 73
1751891975399 0.010974629782140255 74
1751891976321 0.00933778751641512 75
1751891977254 0.00951514020562172 76
1751891978119 0.011294637806713581 77
1751891978956 0.01036713644862175 78
1751891979944 0.01070873998105526 79
1751891980811 0.010607382282614708 80
1751891981715 0.010003002360463142 81
1751891982622 0.010803144425153732 82
1751891984158 0.010692094452679157 83
1751891985027 0.010450061410665512 84
1751891986560 0.009786071255803108 85
1751891987401 0.009619168937206268 86
1751891988320 0.010073949582874775 87
1751891989255 0.010550517588853836 88
1751891990094 0.009221833199262619 89
1751891990931 0.009281030856072903 90
1751891991836 0.009363885968923569 91
1751891992718 0.010289057157933712 92
1751891993553 0.009426056407392025 93
1751891994507 0.009373266249895096 94
1751891995352 0.010461702942848206 95
1751891996194 0.008810995146632195 96
1751891997064 0.00995586160570383 97
1751891997935 0.009293215349316597 98
1751891998871 0.009450109675526619 99
1751891999712 0.010225893929600716 100
1751892000573 0.01010034792125225 101
1751892001447 0.009654844179749489 102
1751892002278 0.009735571220517159 103
1751892003114 0.009451191872358322 104
1751892004146 0.009776931256055832 105
1751892005052 0.009082134813070297 106
1751892005901 0.009951580315828323 107
1751892006730 0.009522791020572186 108
1751892007597 0.009255447424948215 109
1751892008470 0.009894364513456821 110
1751892009313 0.010091000236570835 111
1751892010184 0.009346925653517246 112
1751892011056 0.0089951166883111 113
1751892012021 0.00936703197658062 114
1751892012971 0.00958468858152628 115
1751892013839 0.01007998175919056 116
1751892014738 0.009455712512135506 117
1751892015798 0.008044974878430367 118
1751892016656 0.00952189788222313 119
1751892017486 0.00893833115696907 120
1751892018423 0.009260096587240696 121
1751892019284 0.009545788168907166 122
1751892020115 0.008955290541052818 123
1751892020988 0.008567605167627335 124
1751892021959 0.009333840571343899 125
1751892022809 0.009128298610448837 126
1751892023659 0.009117004461586475 127
1751892024559 0.009311294183135033 128
1751892025397 0.009509334340691566 129
1751892026280 0.00923568569123745 130
1751892027126 0.009160230867564678 131
1751892027983 0.00965332705527544 132
1751892028939 0.009387833066284657 133
1751892029807 0.008958310820162296 134
1751892030678 0.008933487348258495 135
1751892031512 0.009531247429549694 136
1751892032477 0.009608525782823563 137
1751892033306 0.009505880996584892 138
1751892034365 0.008555227890610695 139
1751892035221 0.009103722870349884 140
1751892036108 0.008644280955195427 141
1751892036964 0.009564582258462906 142
1751892037837 0.009546642191708088 143
1751892038647 0.008690943010151386 144
1751892039522 0.00933621171861887 145
1751892040360 0.009010301902890205 146
1751892041278 0.008915291167795658 147
1751892042125 0.009046673774719238 148
1751892042989 0.008590293116867542 149
1751892043874 0.008709433488547802 150
1751892044715 0.008944248780608177 151
1751892045538 0.009044923819601536 152
1751892046417 0.00934535264968872 153
1751892047486 0.008955318480730057 154
