1751891873012 4.465609394952146e-05 8
1751891874619 5.102023650426532e-05 17
1751891877734 6.190496436625829e-05 26
1751891879385 7.721301707727625e-05 35
1751891885401 9.680760957111675e-05 44
1751891887436 0.00012051365441621245 53
1751891890434 0.00014811932630893142 62
1751891892127 0.00017937795483804098 71
1751891896099 0.00021401022860754201 80
1751891899413 0.00025170669102294024 89
1751891902133 0.0002921305054398622 98
1751891903725 0.0003349204649670366 107
1751891909519 0.00037969422002955705 116
1751891911225 0.000426051694852538 125
1751891914101 0.0004735786623371888 134
1751891915998 0.000521850445386004 143
1751891918949 0.0005704357116038929 152
1751891920736 0.0006189003274677011 161
1751891922704 0.0006668112375252082 170
1751891924454 0.0007137403339610222 179
1751891926174 0.0007592682819528792 188
1751891927714 0.0008029882666368857 197
1751891930141 0.0008445096282007031 206
1751891931167 0.0008834613526233109 215
1751891933718 0.0009194953868698516 224
1751891935334 0.0009522897489186408 233
1751891937561 0.0009815514048307065 242
1751891939313 0.0010070188871538085 251
1751891940935 0.001028464631264194 260
1751891941898 0.0010456970087697175 269
1751891944729 0.0010585620398048529 278
1751891945737 0.001066944768917391 287
1751891948039 0.0010707702922525923 296
1751891949983 0.0010710126152704768 305
1751891951787 0.0010709441044162787 314
1751891952820 0.0010708168777242685 323
1751891955000 0.0010706309491462873 332
1751891955981 0.0010703863390714987 341
1751891957610 0.0010700830743241537 350
1751891958583 0.0010697211881606494 359
1751891961037 0.001069300720265882 368
1751891962045 0.0010688217167488937 377
1751891964156 0.001068284230137819 386
1751891965168 0.0010676883193741211 395
1751891967792 0.0010670340498061307 404
1751891968784 0.0010663214931818786 413
1751891970557 0.001065550727641229 422
1751891971541 0.0010647218377073087 431
1751891974354 0.00106383491427724 440
1751891975336 0.0010628900546121715 449
1751891977072 0.001061887362326613 458
1751891978062 0.0010608269473770732 467
1751891979779 0.001059708926050001 476
1751891980754 0.0010585334209490338 485
1751891982448 0.0010573005609815528 494
1751891984086 0.0010560104813445465 503
1751891986368 0.0010546633235097847 512
1751891987344 0.0010532592352083053 521
1751891989080 0.0010517983704142132 530
1751891990047 0.0010502808893277954 539
1751891991662 0.0010487069583579537 548
1751891992645 0.0010470767501039554 557
1751891994331 0.0010453904433365062 566
1751891995295 0.0010436482229781462 575
1751891996892 0.0010418502800829711 584
1751891997872 0.0010399968118156796 593
1751891999540 0.0010380880214299543 602
1751892000510 0.0010361241182461713 611
1751892002097 0.0010341053176284457 620
1751892003056 0.001032031840961015 629
1751892004861 0.0010299039156239616 638
1751892005844 0.0010277217749682782 647
1751892007411 0.0010254856582902789 656
1751892008413 0.0010231958108053553 665
1751892010009 0.001020852483621089 674
1751892011008 0.0010184559337097123 683
1751892012781 0.0010160064238799297 692
1751892013788 0.0010135042227480977 701
1751892015634 0.0010109496047087671 710
1751892016599 0.0010083428499045946 719
1751892018249 0.0010056842441956194 728
1751892019212 0.0010029740791279176 737
1751892020801 0.0010002126519016294 746
1751892021896 0.0009974002653383685 755
1751892023473 0.0009945372278480147 764
1751892024495 0.000991623853394892 773
1751892026075 0.0009886604614633401 782
1751892027064 0.0009856473770226784 791
1751892028755 0.0009825849304915706 800
1751892029760 0.0009794734577017892 809
1751892031325 0.0009763132998613888 818
1751892032420 0.0009731048035172882 827
1751892033970 0.0009698483205172684 836
1751892035158 0.000966544207971387 845
1751892036773 0.0009631928282128192 854
1751892037780 0.0009597945487581217 863
1751892039332 0.0009563497422669321 872
1751892040312 0.0009528587865011014 881
1751892041944 0.000949322064283269 890
1751892042942 0.0009457399634548811 899
1751892044539 0.0009421128768336605 908
1751892045490 0.0009384412021705284 917
1751892047304 0.0009347253421059878 926
