1751891871800 9.4 0
1751891877987 12.0 0
1751891887498 12.6 0
1751891894536 12.8 0
1751891902351 10.4 0
1751891911306 12.0 0
1751891917715 9.8 0
1751891922910 7.4 0
1751891927786 12.0 0
1751891932088 9.4 0
1751891937768 10.6 0
1751891941956 10.4 0
1751891946651 10.2 0
1751891951991 9.2 0
1751891956045 10.2 0
1751891960086 11.2 0
1751891964346 10.4 0
1751891968847 8.8 0
1751891973691 10.6 0
1751891977269 11.6 0
1751891980827 8.4 0
1751891985037 10.8 0
1751891989255 9.4 0
1751891992718 8.4 0
1751891996194 8.4 0
1751891999712 9.0 0
1751892003129 10.2 0
1751892006746 11.2 0
1751892010201 10.6 0
1751892013855 10.2 0
1751892017496 10.2 0
1751892020988 9.4 0
1751892024574 10.8 0
1751892027983 10.4 0
1751892031512 10.0 0
1751892035221 10.8 0
1751892038662 11.8 0
1751892042135 11.2 0
1751892045554 9.8 0
