1751891871800 0.021712827682495116 0
1751891877987 0.17252869606018068 0
1751891887498 0.28458921909332274 0
1751891894536 0.3669831395149231 0
1751891902351 0.39601675271987913 0
1751891911306 0.4374016046524048 0
1751891917715 0.4797059535980225 0
1751891922910 0.5375126600265503 0
1751891927786 0.5836437821388245 0
1751891932088 0.6384993195533752 0
1751891937768 0.6378916263580322 0
1751891941956 0.6341211676597596 0
1751891946651 0.6440147519111633 0
1751891951991 0.684658682346344 0
1751891956045 0.6846118927001953 0
1751891960086 0.7067429184913635 0
1751891964346 0.7089940071105957 0
1751891968847 0.7348727583885193 0
1751891973691 0.7609073996543885 0
1751891977269 0.7404986023902893 0
1751891980827 0.7446623802185058 0
1751891985037 0.7452664375305176 0
1751891989255 0.7720424413681031 0
1751891992718 0.7613552331924438 0
1751891996194 0.790606153011322 0
1751891999712 0.776486849784851 0
1751892003129 0.7745801091194153 0
1751892006746 0.7881421446800232 0
1751892010201 0.7990918755531311 0
1751892013855 0.7753528833389283 0
1751892017496 0.7807793259620667 0
1751892020988 0.8083363056182862 0
1751892024574 0.7967619657516479 0
1751892027983 0.7953871607780456 0
1751892031512 0.8048066020011901 0
1751892035221 0.8148797631263733 0
1751892038662 0.8166692376136779 0
1751892042135 0.8230768442153931 0
1751892045554 0.8180574178695679 0
